189 998244353
310 620
566 459
322 766
589 142
432 616
805 143
145 925
596 829
81 124
726 893
885 306
759 619
419 153
107 762
638 688
788 996
916 837
309 137
95 257
888 910
514 71
968 864
106 424
518 99
571 999
814 492
162 884
984 746
960 549
282 800
430 122
214 388
280 469
603 967
391 523
193 557
146 375
567 136
750 43
955 408
729 798
830 518
307 148
264 867
746 496
138 990
35 272
714 640
410 287
669 859
225 782
827 910
279 276
34 186
598 873
120 845
591 84
242 686
870 993
372 826
892 450
933 690
31 15
214 737
461 568
895 82
288 580
302 563
131 102
191 73
614 619
941 948
407 484
566 278
123 437
939 905
48 156
363 213
73 728
796 560
874 122
996 742
773 433
15 155
522 434
4 185
144 632
652 815
670 465
32 356
143 302
823 362
107 705
870 173
573 316
608 154
745 158
609 180
298 786
510 484
175 460
730 434
401 34
566 190
674 333
885 677
281 81
602 198
261 394
772 240
687 673
699 474
207 831
385 314
761 90
37 119
691 750
292 663
381 34
90 23
142 745
622 140
834 139
564 199
850 689
750 559
118 51
277 389
60 370
31 303
275 525
446 766
676 952
885 606
868 286
197 27
950 642
584 925
476 284
69 572
777 912
130 822
248 796
784 512
905 698
90 216
924 933
834 881
544 293
348 652
650 125
786 523
585 894
623 44
202 300
839 924
920 74
564 988
259 251
955 168
648 309
683 954
402 271
381 694
394 354
81 2
269 909
741 174
39 876
686 229
849 695
636 269
781 220
130 544
589 712
333 489
164 574
169 590
675 999
959 796
808 113
91 508
627 762
914 910
351 323
273 917
522 482
9 932
991 209
