170 2
255 584
193 503
469 406
369 683
49 315
512 223
769 548
736 516
544 668
702 269
537 774
518 357
466 523
803 413
397 840
318 528
773 9
430 982
162 59
506 44
911 631
320 820
780 272
594 364
327 866
174 687
836 76
653 428
105 771
323 58
339 1
135 114
449 715
712 138
890 170
614 961
626 633
561 825
871 18
330 473
927 897
361 368
522 741
130 524
17 735
659 711
158 784
541 329
424 836
838 119
102 90
173 941
597 769
650 399
695 548
850 390
789 204
400 55
18 765
575 234
329 428
13 265
490 120
469 546
178 148
76 643
807 357
210 835
632 383
833 307
299 927
270 895
840 552
807 465
353 907
249 321
77 786
484 104
258 122
225 113
585 198
402 154
899 588
753 169
891 429
642 716
215 99
923 320
988 297
989 917
983 596
240 528
26 894
939 810
416 898
223 490
242 732
493 264
974 572
904 416
360 750
837 698
41 616
943 760
172 869
549 934
890 180
999 571
46 250
812 325
386 162
585 998
970 947
266 179
567 318
286 90
393 493
711 271
706 202
429 562
263 531
466 515
538 396
214 667
956 182
622 444
154 980
108 895
97 108
734 828
811 860
278 531
770 297
43 715
762 172
348 28
657 791
560 222
261 540
296 553
234 244
972 924
537 121
956 331
787 500
860 393
307 601
253 321
639 824
451 550
47 425
750 223
892 197
3 420
398 380
164 980
17 201
42 401
463 358
956 234
722 814
889 893
389 67
399 68
219 91
326 803
267 652
992 945
591 551
403 227
