162 72
977 98
134 52
957 930
9 589
214 876
187 631
125 3
648 868
234 22
556 464
497 861
22 668
356 856
383 427
311 43
197 812
153 129
253 991
99 873
692 282
315 829
948 628
281 513
843 950
931 630
936 883
657 160
591 389
617 775
345 507
427 924
146 337
960 433
133 197
686 778
929 126
990 236
78 927
334 314
542 935
624 722
718 76
933 24
845 945
862 477
614 156
780 273
406 415
192 173
285 81
435 18
417 793
700 799
297 298
248 537
836 938
817 857
372 160
893 592
506 938
499 461
1 804
727 817
448 592
828 533
891 337
918 735
273 913
271 476
354 460
486 646
290 75
876 738
871 334
715 505
363 410
803 923
314 146
184 569
25 105
650 444
87 190
809 625
226 305
608 955
765 654
352 680
502 166
7 343
579 473
103 943
909 61
99 992
400 774
802 522
766 222
912 860
684 958
171 810
394 640
53 379
719 175
419 410
440 784
503 180
420 115
943 579
25 166
589 780
297 818
12 239
820 132
136 409
862 123
546 762
621 507
304 779
366 715
459 148
1000 307
540 260
275 429
136 292
469 945
309 884
88 610
773 899
359 628
181 236
500 937
921 331
434 893
680 964
135 996
69 507
687 698
737 21
831 813
146 477
665 165
933 646
12 889
545 325
462 304
77 921
282 542
642 676
91 799
942 726
536 274
228 622
98 80
933 410
495 664
369 157
602 354
115 557
858 735
658 506
47 935
425 291
5 330
