176 1
818 539
774 618
591 82
282 607
766 910
856 884
322 484
652 520
8 319
235 333
595 437
352 154
937 408
167 550
368 210
822 937
655 16
401 318
150 763
962 122
359 993
697 319
817 892
503 688
59 324
49 977
550 276
979 200
356 208
470 546
613 22
127 790
273 464
128 572
817 137
15 255
82 640
1000 900
696 67
281 939
74 812
848 438
50 962
862 697
519 868
589 569
269 127
634 557
425 932
566 555
755 768
569 247
432 869
13 919
893 974
816 521
234 408
993 740
648 765
537 835
560 465
481 671
733 445
434 846
403 564
627 434
382 970
230 108
184 519
948 122
148 693
706 21
210 491
360 740
523 892
464 564
104 544
83 687
793 398
762 829
259 741
306 329
982 641
1000 224
45 651
408 793
623 739
434 784
877 304
484 461
280 534
810 941
31 155
937 957
336 729
774 284
586 918
333 755
272 439
382 459
930 816
23 535
59 620
761 101
393 867
501 618
662 922
107 131
935 528
500 97
61 712
600 825
554 854
191 839
189 198
643 46
521 418
879 993
702 75
921 108
440 103
430 620
86 965
374 238
239 948
390 31
453 531
197 957
144 928
181 231
484 565
897 88
284 14
64 734
359 553
331 485
670 443
356 893
849 619
486 699
572 883
979 948
564 729
126 84
605 718
42 573
548 595
473 620
747 866
797 665
925 732
819 490
211 483
716 423
113 863
405 527
352 820
707 439
922 516
636 150
48 970
811 612
584 635
565 683
934 437
889 105
616 902
553 314
879 279
523 963
417 264
855 173
663 612
210 664
143 386
108 892
