10
100 680 47640
992 679 494 792 155 926 396 183 524 193 334 353 594 674 346 616 840 702 665 3 551 37 443 426 832 376 398 719 308 923 120 843 541 80 102 569 545 221 877 669 964 242 217 347 167 582 302 619 965 698 615 465 745 667 997 966 304 393 244 813 243 237 189 739 124 811 794 61 385 516 423 299 791 636 444 307 26 606 480 859 453 697 649 683 48 975 587 631 536 588 100 750 212 792 159 327 943 657 491 812
100 652 42639
97 862 565 48 279 801 308 684 45 970 62 976 320 443 702 233 930 598 540 610 445 706 476 427 341 311 531 25 290 249 688 828 931 871 65 437 770 71 601 98 257 895 609 948 264 875 4 370 232 811 36 811 729 59 97 98 898 566 557 311 120 297 219 544 705 597 651 770 820 971 494 559 299 141 15 812 909 203 27 61 592 552 53 346 231 935 236 626 304 496 953 989 967 673 40 626 216 559 273 637
100 17 660
268 511 864 889 120 378 473 403 806 329 461 317 839 286 522 921 933 315 707 993 136 839 336 72 46 999 565 946 368 570 104 754 544 702 993 795 21 925 559 115 920 18 576 291 371 836 139 511 669 523 759 799 748 429 338 524 679 145 24 736 31 847 801 308 395 43 532 538 175 114 296 244 164 432 475 515 669 198 367 484 247 773 964 995 170 388 984 887 432 45 257 974 484 924 257 908 362 877 584 461
100 12 852
113 594 138 312 240 762 976 341 206 238 518 91 283 690 146 533 476 266 1000 86 725 597 675 941 468 873 763 577 372 842 251 962 956 295 305 247 454 162 801 54 182 762 91 918 354 559 430 488 446 412 385 928 760 419 714 263 113 372 222 794 236 974 915 220 274 247 818 440 626 689 637 458 435 336 13 72 184 553 122 992 305 776 17 784 806 374 312 499 641 144 913 483 672 726 430 981 558 584 133 332
100 289 35702
54 39 182 926 45 163 131 476 589 8 860 844 546 880 477 848 719 297 83 857 239 966 638 477 812 764 300 512 30 471 670 374 648 132 79 509 570 428 730 58 618 288 755 533 339 919 334 704 64 287 343 661 493 734 790 867 452 123 415 839 675 845 373 802 53 785 356 327 240 306 210 329 763 856 690 204 71 121 817 344 618 235 683 165 661 3 682 635 327 94 316 400 717 812 359 315 113 189 829 591
100 122 46224
504 414 506 238 3 29 600 563 883 249 774 564 311 193 244 551 384 972 749 490 900 451 396 626 638 559 252 634 596 148 791 294 480 410 628 297 391 843 68 796 330 537 282 935 676 749 335 484 915 869 702 402 160 407 193 616 151 4 448 925 258 72 493 97 552 585 272 261 158 872 121 150 134 612 116 488 632 343 155 408 189 517 820 631 518 774 540 918 507 458 190 171 920 466 872 180 737 270 949 53
100 4 69650
602 802 876 749 912 988 712 657 48 665 686 901 933 752 653 647 913 192 891 597 847 659 514 941 969 6 626 519 588 730 750 577 781 999 619 3 566 852 830 723 977 979 622 908 12 551 914 665 896 529 511 96 737 384 577 853 862 530 910 575 922 695 768 24 782 538 585 835 643 512 568 915 691 853 891 563 532 611 735 988 623 768 940 778 991 891 921 953 686 646 533 966 910 668 579 569 895 794 844 677
100 987 11454
208 769 39 567 775 480 392 846 429 404 792 229 919 747 905 943 927 501 720 67 227 571 951 477 407 955 918 443 951 192 55 716 796 10 587 938 689 379 325 396 685 986 603 737 601 140 762 597 411 829 957 863 624 608 306 294 509 116 643 276 764 766 842 926 881 185 716 497 15 682 548 170 517 826 668 48 923 375 130 945 377 727 373 680 918 917 420 29 759 288 304 337 634 768 396 610 959 418 971 82
100 751 4147
417 304 881 814 649 236 621 514 965 945 175 908 171 22 71 531 331 876 472 996 750 110 412 973 232 258 308 424 683 844 843 708 586 643 948 757 806 477 434 371 281 922 39 281 643 354 505 526 667 539 971 195 752 613 726 677 189 937 415 408 77 365 875 707 626 876 136 943 712 98 231 67 259 915 6 170 956 123 584 195 387 961 794 967 15 2 401 785 740 985 360 415 750 328 379 907 493 757 57 714
100 9 337
323 454 388 55 714 278 821 738 986 913 929 801 430 771 426 395 58 994 535 702 630 492 954 811 107 909 844 839 520 163 747 718 835 464 625 422 204 664 279 153 338 511 81 718 309 932 79 195 285 890 186 137 936 661 1000 812 263 874 471 703 612 30 912 16 458 894 946 478 569 240 408 842 713 675 886 399 690 345 624 341 644 867 579 357 435 681 590 524 604 809 495 300 284 836 855 627 688 224 10 447
