5
200 692 104283
953 331 203 467 871 836 109 730 23 93 488 546 426 43 487 698 65 984 141 216 750 982 612 528 952 976 316 894 171 61 204 399 652 991 989 320 532 499 415 718 170 381 173 16 397 272 484 584 392 788 865 839 872 304 312 283 640 224 739 653 72 691 706 54 330 289 232 552 210 288 938 983 904 467 729 832 550 211 798 912 22 755 550 42 775 553 470 904 831 749 997 802 209 573 456 89 687 413 222 692 231 868 318 947 713 992 684 340 251 502 949 854 353 993 608 780 186 137 312 662 524 680 299 893 477 292 645 667 726 897 907 890 450 926 527 205 786 18 90 992 959 894 463 132 523 623 810 309 878 971 17 795 82 20 686 882 130 474 871 284 250 194 123 930 498 848 61 441 675 363 647 686 140 30 400 316 533 79 353 735 620 63 937 486 376 909 630 557 473 678 325 195 668 167 673 677 853 166 186 941
200 14 571
776 816 523 153 771 694 97 507 52 540 695 31 333 365 29 400 974 892 154 193 456 852 80 274 456 600 484 335 181 448 573 85 178 205 851 85 918 879 983 838 345 156 738 183 998 623 794 274 512 50 660 597 328 920 912 683 779 568 593 869 169 196 595 468 966 530 906 824 880 351 670 692 981 332 190 749 236 502 640 776 512 309 48 144 712 355 369 429 751 334 705 73 911 648 689 368 281 653 820 998 509 425 660 558 66 413 53 812 477 488 175 294 766 470 108 588 470 929 577 232 429 301 349 28 579 600 989 552 235 535 129 856 245 157 813 569 701 945 53 461 15 166 891 164 246 307 506 644 50 149 84 179 317 619 819 736 117 55 200 789 819 254 192 843 331 672 873 525 195 232 765 284 767 352 578 256 948 519 311 595 952 43 916 315 396 900 662 804 250 956 544 15 716 756 662 656 441 754 252 839
200 114 64878
525 57 474 24 335 756 50 796 488 26 888 912 768 976 578 394 955 55 820 125 90 337 494 944 2 268 614 670 38 449 455 335 783 203 24 763 859 224 689 148 197 800 859 74 206 276 388 437 285 937 105 315 928 3 83 160 232 256 900 609 323 848 901 454 843 475 113 819 803 868 409 414 102 916 2 807 615 562 993 398 508 462 781 223 807 355 181 23 742 858 707 836 188 588 797 731 529 641 47 239 299 349 642 271 584 814 826 538 61 354 415 364 246 709 627 305 158 196 815 850 854 50 332 669 105 527 144 399 330 315 553 262 792 375 400 391 58 822 256 87 795 945 723 442 127 693 396 444 956 89 740 905 948 826 930 348 56 659 30 942 767 296 148 512 617 39 965 197 274 440 785 513 702 534 445 561 691 939 109 921 446 969 408 561 52 637 546 49 263 494 685 730 833 377 133 427 353 846 153 236
200 450 14666
41 216 688 752 804 220 592 656 401 938 807 355 144 829 606 657 587 589 636 114 586 874 147 720 922 273 608 297 672 487 777 721 421 971 80 264 635 165 905 209 736 134 798 632 261 545 379 387 742 646 772 439 201 363 16 157 611 151 383 701 109 298 447 475 171 472 373 100 47 905 256 627 136 808 690 934 396 569 980 276 299 461 624 907 623 215 997 607 436 675 885 659 27 684 437 710 62 677 726 482 501 575 128 864 758 474 990 20 488 134 52 404 234 844 701 806 449 733 695 786 28 300 166 269 87 994 522 23 59 80 472 685 194 590 954 762 140 849 18 654 412 973 861 65 514 852 76 265 218 847 109 515 543 150 9 430 286 254 254 664 122 454 427 664 883 114 719 987 498 955 64 862 716 989 748 305 644 336 525 495 818 240 700 896 1000 65 575 669 993 765 294 456 280 855 832 484 784 123 40 945
200 177 98591
156 787 893 595 886 347 119 924 231 836 254 98 190 77 698 460 141 280 47 92 338 567 787 369 754 250 839 542 317 926 507 22 455 834 152 222 764 723 468 851 140 209 368 85 6 435 552 330 802 173 451 964 445 927 104 705 80 441 315 697 632 127 177 342 16 190 696 878 268 400 879 798 708 245 114 488 940 232 265 843 348 867 151 977 468 605 785 226 73 962 93 694 291 550 839 105 488 775 826 538 786 865 512 364 209 593 512 924 43 523 873 392 561 307 672 276 851 342 912 273 482 175 237 308 955 280 6 425 260 257 138 414 816 42 418 440 650 788 830 495 719 159 872 983 609 691 870 246 924 312 453 369 383 826 741 725 708 553 79 216 63 680 965 862 230 628 325 322 921 556 85 149 971 755 95 888 12 776 637 285 331 948 861 787 625 134 688 259 757 827 640 281 882 938 449 229 262 278 217 246
