20
50 336 1068
428 369 398 305 230 162 211 248 465 12 331 203 314 161 335 31 369 471 469 210 261 139 20 352 166 411 18 100 466 100 342 123 266 107 229 173 324 427 110 89 37 175 131 249 226 300 5 376 8 484
50 32 7377
361 179 271 302 188 401 78 439 306 155 484 347 187 487 64 300 458 453 425 496 72 271 17 175 467 141 75 407 477 48 204 231 374 447 353 70 365 119 343 31 81 199 35 128 258 72 40 83 492 488
50 492 4393
182 165 400 344 182 425 288 495 168 147 20 75 499 496 153 493 461 131 275 143 47 87 22 334 171 404 110 476 4 122 9 262 116 238 255 48 293 64 56 443 53 158 406 1 188 348 74 491 200 82
50 429 3886
322 44 57 261 306 462 77 15 317 466 100 182 279 304 220 177 7 339 19 101 50 84 282 68 444 455 260 162 197 155 203 428 353 49 91 172 381 398 399 208 63 181 370 29 457 122 131 394 362 290
50 356 4762
73 459 320 41 122 355 297 377 361 408 325 62 185 283 358 375 146 376 78 277 234 397 223 278 192 301 309 130 108 416 450 33 358 309 251 20 318 265 331 254 282 341 370 417 155 272 135 456 473 465
50 93 13693
454 76 316 413 304 425 127 329 95 139 171 483 46 225 275 102 377 279 350 473 288 372 283 367 32 471 381 298 303 479 316 191 209 419 385 397 254 73 136 444 145 232 62 33 378 261 453 273 92 302
50 8 2748
248 267 110 402 323 37 435 62 211 257 345 132 251 493 453 3 171 192 148 62 499 392 419 170 294 194 143 37 211 236 194 440 36 273 338 235 275 7 247 294 181 150 466 10 57 35 202 80 353 493
50 328 9010
374 15 24 31 106 369 443 271 24 448 399 58 334 298 301 74 490 268 238 435 38 157 392 74 278 454 397 199 369 327 266 472 208 44 128 42 108 486 145 104 109 447 71 348 310 347 386 279 378 21
50 47 1845
167 45 286 452 175 411 254 329 357 117 226 46 280 23 478 159 482 58 271 32 49 118 444 448 155 405 197 78 332 100 242 480 258 438 439 192 151 9 445 485 435 107 372 47 142 207 259 295 494 101
50 315 7757
335 392 255 148 305 462 240 314 90 235 86 198 401 454 320 270 267 334 313 74 383 182 107 332 349 45 163 330 251 99 430 37 40 436 17 423 110 234 346 306 215 361 226 155 478 184 408 52 34 440
50 62 4799
460 259 139 62 262 400 141 462 440 500 17 149 343 297 417 438 103 410 61 15 244 15 44 42 174 350 321 320 20 261 176 327 158 449 442 403 59 150 87 381 422 130 299 196 121 324 356 203 288 244
50 156 8253
169 49 344 334 290 260 44 364 455 491 469 5 384 288 353 381 219 303 470 159 161 100 405 273 135 218 388 488 4 459 155 68 167 214 41 244 239 482 497 42 461 222 81 199 377 305 81 317 394 477
50 240 12081
219 446 21 233 136 95 35 243 57 446 161 266 176 32 4 358 384 453 74 381 149 26 381 202 30 80 237 324 480 468 95 366 295 216 166 476 119 258 177 435 240 40 285 381 33 422 458 142 259 261
50 334 5808
296 354 318 444 140 333 464 345 210 321 241 464 495 329 88 28 428 120 108 315 98 251 73 46 347 51 55 432 220 244 136 335 224 424 351 68 255 75 435 288 180 59 134 241 335 318 405 500 326 143
50 92 6580
257 497 91 346 57 204 20 378 235 496 382 29 484 190 166 458 418 149 81 410 171 405 438 259 268 200 157 269 241 392 402 406 347 429 233 57 36 466 173 190 459 125 80 262 97 327 67 42 235 225
50 4 11809
214 476 7 486 27 448 74 26 291 384 4 490 165 24 195 193 141 363 440 432 434 319 301 485 138 93 90 334 210 120 192 461 60 212 175 28 115 254 89 385 460 186 112 450 30 260 69 298 89 476
50 31 12120
46 278 377 172 391 325 100 460 310 321 254 152 435 345 316 266 446 32 296 16 460 467 417 30 340 409 53 495 361 320 243 454 239 112 210 28 177 328 402 193 278 375 288 384 430 327 221 205 477 411
50 26 10868
384 125 488 224 369 172 350 341 204 98 452 128 25 320 150 468 255 97 93 278 52 5 386 159 128 256 157 183 98 411 49 50 373 27 42 12 435 230 239 362 313 37 90 175 456 406 359 5 273 500
50 257 1363
106 418 491 284 18 163 256 474 435 168 222 133 193 209 120 91 216 406 22 314 67 374 220 197 155 156 189 356 332 94 100 281 114 363 202 7 139 203 208 369 209 310 55 15 308 422 297 182 274 105
50 308 14929
329 370 250 473 145 420 124 267 407 269 419 395 186 128 448 73 216 404 386 126 461 449 307 355 354 178 358 252 477 440 475 446 365 131 47 418 332 187 340 381 14 450 155 256 200 274 71 308 239 66
