10
100 271 3270
312 36 217 243 179 110 438 209 132 303 463 242 448 48 367 83 131 46 213 479 209 356 444 288 51 107 472 498 487 121 123 72 335 277 319 168 254 416 360 153 214 278 73 302 388 238 133 90 329 157 405 83 219 337 325 92 64 199 350 106 436 106 194 101 83 92 149 268 338 353 225 218 200 332 476 216 270 374 158 8 185 100 489 48 76 102 314 180 127 452 436 117 131 276 253 255 151 468 429 382
100 176 13343
79 175 444 34 399 482 208 460 338 193 144 449 424 227 184 192 204 428 3 183 304 382 57 334 232 109 82 312 316 338 33 161 459 305 282 172 292 7 223 42 460 20 417 388 387 480 250 277 49 473 2 4 138 50 446 162 361 355 76 81 303 448 445 419 478 452 186 48 318 24 14 165 433 270 182 361 259 59 248 34 387 81 123 294 393 238 114 312 122 161 300 139 424 215 133 64 22 492 37 376
100 99 17326
276 115 127 146 319 490 393 386 244 107 56 139 324 116 189 227 321 32 17 163 340 285 426 267 375 302 474 253 73 366 163 50 37 4 456 2 369 155 44 90 199 385 192 325 245 139 245 68 416 103 168 232 309 229 489 48 420 447 203 299 432 65 7 193 264 25 183 265 95 349 399 332 456 11 468 46 152 182 277 444 165 229 18 92 6 22 61 120 367 351 98 64 149 455 11 272 168 190 360 326
100 453 23340
300 372 449 493 63 459 475 4 379 347 263 96 164 379 254 496 51 368 117 201 273 445 191 315 235 314 350 3 25 217 392 156 432 60 419 184 427 480 242 159 264 498 456 436 4 387 203 191 109 402 483 107 37 489 84 351 428 278 344 175 146 481 171 24 321 364 71 403 403 213 325 276 333 493 238 79 349 363 415 476 390 276 169 193 211 452 249 186 357 101 193 222 288 426 214 194 403 237 32 255
100 479 25954
348 259 289 48 426 18 250 174 435 444 169 206 405 457 267 96 380 119 64 387 228 446 45 82 489 145 324 454 333 430 282 472 304 45 51 279 421 390 93 433 117 358 391 321 59 39 265 319 386 43 197 80 345 65 91 61 295 330 25 229 343 431 134 277 430 275 252 292 328 68 435 247 362 281 378 16 340 54 357 83 121 16 208 479 134 96 134 400 348 466 42 122 382 360 261 165 260 107 326 283
100 109 10125
148 292 374 234 11 167 387 184 286 423 366 14 398 88 24 101 78 453 298 460 424 28 108 366 467 157 127 126 26 117 59 128 158 50 110 221 273 143 400 108 270 158 164 498 302 180 306 486 415 343 402 499 450 55 30 91 348 49 180 310 388 254 66 288 16 185 208 10 500 113 305 78 233 343 199 308 496 232 461 183 193 435 107 54 375 244 134 52 235 308 216 59 67 96 353 274 386 8 29 472
100 15 246
433 228 353 219 425 79 450 97 371 334 467 290 288 322 277 364 99 362 299 307 290 63 359 16 468 321 321 46 435 137 450 27 134 292 390 55 265 328 388 252 475 349 225 477 83 451 313 29 93 78 251 283 295 127 400 331 162 160 146 85 130 268 99 441 77 279 443 369 499 259 85 307 386 422 490 443 204 485 452 441 28 286 397 446 375 199 282 261 399 95 446 20 57 194 393 266 232 367 88 187
100 444 17429
236 19 220 365 197 355 419 327 291 287 65 56 9 365 152 490 465 185 463 348 282 173 406 366 59 480 49 312 219 394 201 30 417 223 18 203 493 304 116 335 97 111 470 67 261 215 398 369 455 26 86 7 251 176 398 482 282 168 5 375 428 116 349 324 431 442 204 166 109 354 52 304 47 67 384 187 21 477 11 243 94 135 280 140 58 315 497 261 185 3 70 294 443 271 102 269 123 204 121 80
100 132 9333
217 225 95 365 59 191 393 84 476 244 131 264 358 141 75 250 226 469 435 403 454 258 257 246 255 162 241 51 165 57 301 398 400 361 463 68 385 126 421 392 181 377 131 143 270 289 159 13 356 207 31 172 159 423 189 71 135 209 105 371 120 153 16 56 249 62 460 500 473 102 414 346 385 476 57 433 487 330 340 224 375 497 13 47 10 176 45 299 234 381 243 17 124 42 303 453 240 130 190 250
100 12 217
66 163 289 385 223 424 454 160 363 338 350 23 261 464 136 13 235 138 413 101 395 51 145 397 80 122 214 258 262 153 14 147 225 372 248 36 285 473 188 128 164 224 138 251 289 245 238 318 376 248 52 302 261 457 91 294 460 167 313 352 122 235 464 186 162 364 142 145 467 207 45 50 157 203 378 258 304 187 328 263 172 138 55 340 455 257 423 32 316 297 295 143 152 134 174 143 496 268 486 17
