10
23 54 1189
80 68 30 19 76 47 68 41 84 67 54 47 53 30 78 70 20 25 17 38 42 5 76
21 73 1059
30 58 20 68 24 30 17 4 58 80 8 82 73 84 21 52 63 77 17 85 35
20 24 264
70 100 80 35 68 95 67 89 27 11 38 83 23 55 68 23 65 49 13 29
21 11 141
75 14 33 44 21 39 54 25 40 46 33 41 93 12 62 37 20 35 56 27 41
22 34 224
43 20 53 74 14 1 18 20 42 76 33 94 41 3 73 88 27 54 16 21 91 96
24 10 112
78 89 50 14 69 11 93 36 46 32 76 42 49 58 86 98 26 80 88 47 90 72 88 43
20 2 777
53 16 19 60 73 12 51 43 82 68 69 76 73 20 91 53 70 16 1 87
24 87 601
69 73 77 88 21 25 31 21 76 38 11 2 85 54 91 36 37 95 91 92 41 86 48 88
24 3 1521
96 64 87 32 53 98 59 8 95 61 80 4 58 52 74 87 91 2 95 75 16 70 68 93
24 28 535
27 15 86 50 58 27 57 50 4 72 94 84 83 52 16 6 93 9 34 100 96 49 52 63
