2000 1122
1017 403 7822 2831
2608 4238 5533 2297
887 477 4859 5160
1535 1165 2612 2049
2641 3446 4230 2437
1164 1771 6045 3328
788 1489 3179 1228
3561 5022 399 141
6166 2406 1582 2784
5168 2510 369 427
318 243 5644 4430
4119 4732 112 329
310 422 3861 7915
4819 4418 1109 2814
4028 4450 5485 2770
1736 1216 5823 3192
1724 2538 103 175
1079 873 1276 1483
3997 4455 1856 5134
2073 3079 2350 1095
1240 1719 1136 2915
1130 1586 482 835
831 2292 1890 3958
1863 2743 1933 2998
608 277 2288 4926
4851 2477 1085 2625
1269 2458 1375 1839
2837 1372 2285 3402
1851 3858 1450 3309
2501 5166 2352 5014
420 1040 2175 2032
5290 1903 2378 979
2262 4060 3410 1532
4063 2539 3627 3005
352 129 3395 4667
1697 2154 59 83
3014 3947 1768 4346
2893 5503 145 111
6207 3356 2522 1151
1420 1297 2465 2336
568 1177 2482 1570
897 1973 3207 5507
897 2309 2804 6208
554 646 289 139
6440 2412 4351 3824
446 1158 4211 3444
2023 2928 1200 2065
183 371 1414 3781
482 237 7881 2702
2240 4769 1904 4025
6887 2453 2916 3578
962 1854 1126 530
3055 3425 655 1202
6332 3587 4163 3769
3016 2084 523 223
6681 2991 5769 2122
1367 2513 2306 1296
4306 1542 380 455
3108 2598 1483 2835
3403 2996 2718 2601
5896 2734 446 813
950 2681 4399 4637
2743 1090 3826 2596
1123 526 3093 3369
3308 1522 969 943
1374 1457 6784 2734
2787 6453 2760 1010
2974 2823 2238 1539
1248 1234 2972 1785
3463 1864 1937 863
4558 4156 5037 2814
4173 1802 3798 2703
2709 1804 1766 673
3878 1370 257 732
3836 2282 597 1114
5505 2003 1829 2970
3264 6308 3085 4521
940 2259 5267 4154
6401 2178 2395 1796
2503 4698 3973 1470
3472 1769 2496 2593
500 638 1592 3012
2935 3310 2936 5074
1664 907 2615 3629
2320 4656 2154 5478
4789 3128 1639 2819
2449 1577 1164 1933
1238 1489 2986 2119
3525 6357 3325 2240
1237 645 1070 786
3578 4462 451 824
3765 3069 1951 4274
2833 1231 4131 4294
2822 1137 3833 3904
3874 5973 4467 2386
833 2359 233 258
1258 589 4387 2836
4895 2640 1516 1882
688 1708 2672 1330
544 358 2095 1880
4123 3012 2849 2466
7150 2843 2826 1218
1449 4223 348 260
1192 1875 1365 2343
2430 1487 815 381
1228 1290 5863 2275
2627 1380 1527 1040
6074 3250 2340 2367
5132 2617 2895 3150
1412 3132 3888 1452
398 922 1940 3074
1145 2308 2195 3294
516 1335 614 1787
2994 5617 4404 1650
699 1973 2915 6569
4788 4905 3103 4680
2199 773 1362 3966
3766 4539 3239 2623
2951 2583 87 95
2821 5643 47 52
3161 6125 3140 1589
554 201 143 285
646 383 34 12
5037 4452 1611 3271
5881 2178 1764 902
2153 1575 5833 2181
2957 3604 5325 2723
6010 2525 4424 1565
1969 5505 1923 1512
2179 5032 2396 1218
3332 1419 82 47
1653 1363 1724 2396
3353 4598 1787 2718
682 280 4634 3182
2886 1824 5005 2342
2172 1284 2644 5687
1328 767 1616 4649
2576 2381 3268 1968
2645 5328 1941 3292
2903 1244 3580 4227
1609 636 2818 3334
5521 4359 182 151
3331 1392 3954 3070
3735 4136 3155 2708
5435 2606 2808 3932
1134 1036 3130 1069
2524 5187 4237 3906
3314 6207 1135 1163
1569 1526 656 589
4870 4622 515 1124
3092 2481 3335 3443
970 2537 2612 3943
4796 2011 3193 1971
648 379 2729 3510
1999 3944 1151 1646
1668 1044 6548 2484
1307 988 6409 2385
6994 2474 3422 2993
2715 2663 965 694
1678 1009 2553 5199
4056 1609 81 246
5598 2140 278 745
2619 1558 3398 2046
5344 3682 401 351
819 467 515 617
2013 2523 2739 4126
4118 1675 1113 1108
4263 2667 675 869
3174 1187 272 385
4501 5473 2825 4403
3442 4079 3022 2783
1634 4511 4112 1982
3509 3752 915 2736
840 2467 445 321
1659 3671 1907 3529
309 351 4323 2099
939 1349 503 483
1826 2516 2230 2548
2129 4324 516 829
465 951 1636 3636
3926 2523 2485 1564
4434 4787 1864 3556
2612 4074 538 530
2021 1085 5239 2869
231 462 1628 1540
6505 2190 2508 4203
3095 6141 480 1388
2290 3938 1406 1711
1564 1040 2915 1649
2767 1291 1820 3191
817 439 6598 4173
2374 3075 3470 2792
3749 1445 2474 2855
4236 4470 193 231
2667 2401 3042 2402
3410 2785 2946 1297
1237 1274 1306 948
1456 2171 3032 4696
5469 3410 1116 3295
1277 2084 530 1233
1717 2764 3412 3402
549 238 5528 4789
1909 3010 2088 3738
3646 4419 1147 1825
1913 945 260 400
1806 685 1180 3108
4625 4171 4003 1835
5625 3489 427 169
3679 2877 3686 1624
2324 6641 4072 3472
3841 2533 4138 3222
861 1797 3011 2049
720 414 281 267
930 902 3965 4105
4678 4996 699 1058
1216 2013 448 467
2239 4900 538 359
3030 2933 2888 1523
4857 4934 2525 866
2503 2389 2163 1242
3052 1707 807 1924
2163 1325 1368 864
1363 2091 5165 2507
3606 4288 3230 3973
3251 3926 2688 1361
2974 2936 2452 1116
4385 4593 713 993
2321 1864 956 730
976 855 2801 7005
1422 663 1969 656
1504 781 4483 1700
4591 2098 2583 1614
864 1018 2225 4995
3618 2347 2886 2410
697 1447 2991 1305
5538 2387 4057 1475
997 1204 3700 3568
3556 4418 451 924
2215 3761 1273 2766
1154 2368 2109 3541
6308 3551 2115 4022
1734 1110 4739 4124
5282 3446 2809 1032
4348 4218 949 396
177 528 1366 1309
2867 2381 4408 1571
1933 1093 1488 507
3646 5378 3384 1562
3987 2928 2054 3346
3842 5725 4429 3263
1799 2453 1937 2286
3559 3270 597 227
5685 2113 338 113
1837 651 156 238
5636 3494 856 1732
3347 5843 3538 4453
3243 3579 1756 2601
5284 2788 1677 2807
2510 3834 905 2393
3101 4727 1876 4106
4693 2995 1439 1134
671 635 2277 1219
2617 1193 825 1364
3894 1450 944 1885
3664 4915 1382 1119
972 2178 725 1434
4320 3624 845 621
5139 2787 1966 4982
3392 1901 3012 1164
2920 4124 1039 1353
1584 2462 3497 4875
1429 1791 1172 814
302 544 845 560
2614 975 2750 5208
5269 3758 4429 2389
3604 2287 3812 1714
4546 3060 2695 2747
4157 2293 1491 1318
1018 556 547 636
753 453 1301 902
3867 1773 3226 3111
1025 371 1109 2256
5360 1931 1679 1511
4758 4556 1126 3265
1781 3787 2192 744
4179 3880 987 2952
1334 684 1603 2273
608 890 4408 4014
871 1328 2027 1154
4648 2883 582 460
1935 1571 798 1455
4358 4719 1630 2606
1630 3699 28 19
727 912 1383 890
885 478 1625 1257
402 267 3759 1634
1707 1527 1183 3098
1132 771 2 6
2235 2190 1170 543
502 276 3210 5551
776 327 1679 1485
3376 2634 1257 1845
3302 1727 3211 2887
2602 1350 230 603
765 950 1315 1423
4410 1927 1424 1239
4196 5111 1796 2306
1528 3483 2358 3549
1219 1814 1716 4787
1427 973 3114 5273
474 1126 6217 3642
3236 1255 3443 4600
4662 3091 504 773
3401 1512 1667 4348
6473 3082 3508 2122
287 418 6005 4655
1981 2612 2717 1408
1389 2696 1089 1653
988 1196 2427 3576
485 762 3896 4470
3373 5179 1961 5199
836 453 3945 5337
376 297 3141 4880
1504 3735 4236 3694
1848 5460 3285 2917
617 472 3756 2523
2153 1937 1341 965
4037 4622 5314 2449
2560 928 2409 2876
6140 3459 116 253
5796 2199 2622 1750
4171 3816 2134 1172
2362 883 1592 2187
4706 2884 2157 2195
2397 1802 2240 971
5518 2008 2380 3384
6100 2737 361 857
1605 1016 428 646
1801 4280 1443 2165
3719 4864 1506 2623
1106 2039 23 12
2476 831 1314 1725
3384 3801 203 544
3558 1498 1832 2154
3406 1138 4587 3501
1084 1006 237 668
2400 2332 1217 2720
705 641 1807 3331
2413 4426 4001 2149
736 263 2697 3236
3890 5519 481 326
5054 2757 3392 2550
1084 807 1914 3379
5268 3971 5 11
3922 4994 2260 2551
626 742 3933 4009
1016 893 2200 2905
5097 2085 256 253
647 346 6019 2528
6343 2421 1830 1178
393 321 7533 4370
3238 4037 2492 1917
784 1104 4713 1866
1773 4140 324 113
4666 4859 1632 4861
3051 1882 3568 3574
6645 2538 2528 4030
2899 6311 299 212
2628 3500 4217 1421
1524 3081 3240 1579
1065 2034 1894 824
6323 3591 826 2218
4581 5271 1306 2367
2858 2801 1367 1167
357 262 6746 4332
5249 2566 1098 1386
4312 2536 4177 2674
5057 3662 452 329
4097 2497 2164 1918
3589 4451 1641 2803
4563 2796 341 849
2524 3248 807 446
4662 3121 938 954
3940 4243 637 360
2542 2790 331 332
534 222 2736 3204
2536 3408 3863 2179
4383 2161 2420 3943
446 433 5053 4801
586 560 1016 622
829 1769 2472 2805
1420 3316 3142 3974
4562 3159 1424 3099
3594 2630 1018 784
478 808 3617 1391
2337 4081 522 207
3132 2905 1731 656
232 462 2952 4166
579 269 4168 4550
1935 1101 1621 776
3921 2819 1298 910
339 929 5387 4545
761 2055 1206 959
6082 2572 3551 3077
581 542 641 938
1308 842 1699 2832
744 985 1688 1004
3971 1582 3533 4037
2434 2719 2259 5184
3307 3720 5929 2238
3086 5903 3657 3888
1602 1395 1907 2593
3730 1406 3189 4868
3160 4551 3518 2838
4466 5257 3084 3880
1494 1062 3111 1385
1085 2546 3001 2883
474 664 3871 6231
2938 4886 3388 4587
2132 3140 845 439
1033 1792 2062 1388
2685 4353 1425 1293
2320 1847 4890 2937
4771 3454 23 52
465 642 162 112
1559 1538 574 1447
1533 1122 2551 3679
2299 1716 2528 2375
1298 639 357 214
2253 1493 1200 503
359 166 5830 5798
4365 5417 1522 905
1009 1723 997 693
2238 1753 4298 2183
4677 4461 85 228
3622 2545 2931 1059
1234 931 1798 4614
1006 569 848 1222
1098 1602 5358 3106
2681 5036 1963 2617
2288 6197 916 539
2288 2469 682 1987
683 565 727 829
6030 3579 3692 1549
2110 3864 195 334
5473 2382 156 235
2044 2955 76 68
217 456 4208 2312
4873 1766 2304 2252
5620 2033 4224 3362
1580 1476 1866 1584
5596 3870 4316 2238
3685 3686 2255 2614
3393 5431 1070 2874
1099 1443 2804 3703
611 681 1190 1444
2756 6273 161 324
849 1146 2776 1570
1531 2464 1320 2986
4042 1786 1768 2296
484 272 1913 1887
3510 2097 2109 1790
4348 2243 5123 1709
4546 3754 2103 2174
6398 2537 4097 2123
3604 3783 4010 3385
1032 586 4469 4595
879 2438 1613 2529
3527 2469 822 448
3733 4557 1435 1711
2124 785 5067 3194
742 1310 1050 1559
2147 3740 572 248
775 1384 250 565
1125 2187 5317 3087
4751 3436 411 481
448 627 872 1850
851 1877 3196 5684
248 455 3857 3101
684 443 218 175
1462 2887 505 696
693 606 183 472
1269 1932 2463 2368
5884 2446 1150 1941
4831 4028 686 1524
719 1140 1379 652
439 273 801 999
1609 1830 4050 4781
3034 3896 1157 2111
2153 840 1156 3232
3117 6048 3904 1885
1817 2559 596 768
4705 4893 2711 1420
866 909 1048 2873
3846 3815 4007 2332
2736 3981 2345 5088
476 639 904 2550
1895 646 4260 4578
1234 1537 3591 2300
4972 4865 4041 2983
3891 4586 3219 3096
1568 1346 1156 887
1066 809 3998 5674
1918 3400 3057 3535
2034 3495 713 1261
612 795 2148 4170
2184 1497 923 471
2554 1710 1672 1152
2882 3397 616 765
1826 3344 5695 2405
1089 408 5398 5028
2032 4603 407 442
2278 1211 2875 2291
3538 6275 979 1034
1456 1413 3348 4861
1054 2838 15 23
1420 2991 1232 1908
1681 3443 3698 2173
3925 1496 5259 1906
3067 6160 2062 3737
3926 4040 3856 3069
2035 2369 968 636
2410 1110 2293 1403
1481 1527 3888 1612
788 827 6149 4556
4545 1549 212 124
1732 1618 2706 4636
785 600 6291 2621
1244 3653 1366 3428
7033 2355 2067 1015
4973 2451 4971 3182
3682 2504 652 303
2853 2739 1693 3777
976 2503 3149 2037
4603 5351 2559 3201
809 1037 1894 2044
2142 2941 4094 1423
5726 1954 309 534
3148 1955 2231 5361
2234 958 1866 1769
1156 705 5745 2960
834 1905 3346 4771
1008 2272 138 400
2953 6490 3284 3323
1162 631 441 1034
2154 3948 165 310
3493 1416 680 1667
3469 4299 556 1345
4818 3951 1524 764
2886 2539 2485 1131
1236 1316 6772 2926
2421 5744 947 421
2546 2011 1662 2701
3709 4926 202 342
4277 2574 4778 1888
5440 2202 294 125
684 1603 1686 4278
1858 3404 947 338
4359 4984 1045 2048
831 415 686 1115
4825 2190 950 463
1840 1686 2801 1576
431 924 3044 1308
749 498 3461 3424
1734 3381 1268 2225
1411 2710 1154 1073
3698 3051 1815 3924
696 258 3324 3003
2422 982 1538 3805
5243 2803 2010 4002
646 384 3314 3091
1839 2456 894 2234
649 1074 3422 5626
2862 1890 2723 2429
371 136 1544 1057
2643 2775 2533 2131
1960 3047 689 1438
2541 5809 1460 1040
2312 1488 2955 2149
5346 3269 2484 2655
709 634 3967 2742
2727 3804 1330 700
587 328 1936 1633
808 535 1558 2474
2008 3935 4180 1776
3248 6374 338 589
4068 1616 569 514
715 646 525 681
1315 1278 1907 2781
4898 3201 4418 2775
1872 3721 1536 2246
3025 2902 23 28
3100 5419 3080 4469
2208 3531 3451 4797
1553 3860 1299 2581
2215 6134 4776 2303
394 281 1300 3363
2225 2671 1382 2979
299 206 2791 1771
4681 3326 1590 2284
2730 3926 2318 4179
2571 1046 3346 3315
5272 3317 937 2464
1885 4879 2097 980
3000 1198 1316 483
497 972 1506 4362
931 585 4884 1911
2050 695 3980 1558
1091 1246 824 306
3006 6687 1040 1466
3288 1963 2540 5205
4522 3219 2273 2351
5767 3819 5336 1864
3589 3119 309 158
4655 3051 2806 1465
5522 2958 563 996
1507 1802 2747 1807
1051 1826 1286 790
4755 3113 2435 869
1889 672 1496 651
6450 2775 1094 406
1107 2696 2060 5588
2624 1206 791 885
1010 715 2627 3151
1722 1319 2805 993
5440 3296 1553 3638
2314 2432 1 5
1812 2119 3435 2636
2811 1599 1565 2807
2873 1575 2200 5134
2227 5385 400 1149
3051 5015 1289 2586
1750 789 619 553
1144 504 2885 3618
1469 548 1425 813
1986 4302 2026 2139
1561 794 1892 690
570 680 553 674
4242 4837 2861 1844
1837 2903 466 212
805 1626 5261 3497
599 1025 1607 1551
4630 4376 1753 1134
3423 2908 4940 3185
1802 3487 308 809
674 1358 1448 4067
1955 780 3173 6011
2358 4375 381 652
1298 2600 1526 1171
1612 3813 442 287
1320 519 1453 3048
1154 1141 5148 2738
540 661 587 228
1555 701 1376 706
248 468 335 144
1675 1112 5208 2274
2863 2256 928 477
2503 6228 728 1108
948 1871 6054 2193
590 1086 1521 1044
1068 710 990 1565
416 602 1120 1807
2915 2026 697 2044
1524 917 346 494
3555 2090 1193 747
1601 1736 3162 3815
2331 6164 4263 2739
3033 5954 4274 2657
497 362 3559 3361
3706 3267 2435 4305
3160 5660 3856 2185
2021 4573 3683 1823
904 1881 1870 5071
1891 4360 79 66
4624 3391 439 373
770 382 5450 2568
2996 1568 3765 2723
197 594 4416 1850
2728 3687 2919 2709
1382 1912 2357 1720
361 489 784 1401
3831 2071 1694 3405
4436 3841 2294 4721
3618 3248 323 367
2598 1524 1181 1723
1444 1869 3524 4257
1338 3676 2691 3979
2102 6075 2484 2416
6830 2744 823 351
1805 2719 360 166
3464 6284 4629 2609
3422 5157 748 614
4038 2477 2219 3606
6606 2862 672 386
6200 2089 977 2555
493 594 4919 4056
3380 5710 1030 2560
2702 4907 2867 2005
2042 1614 3608 2030
1194 2440 1793 780
351 823 1522 4226
2985 5188 708 891
4126 4702 29 37
3133 6247 2100 4574
4116 4893 3017 2002
3763 5489 1828 2663
1332 702 5984 2986
4109 2765 1472 670
3572 2869 5669 2523
3164 1679 2905 4385
3081 3402 824 838
3354 3541 2341 4290
6722 2620 1540 763
3703 2313 2767 2419
3497 6325 3054 5116
629 1644 3507 2402
3448 2128 228 409
682 1771 418 224
3194 3661 88 152
5450 2155 873 867
3481 3462 310 118
4776 3783 819 1382
2930 1504 4938 2058
2811 3030 1005 861
4260 2013 966 1284
1345 2732 1140 453
2349 922 2723 3166
3340 5320 4855 2074
3166 1199 2726 2732
545 346 135 148
3533 3568 2406 1628
1416 2835 3566 3082
1592 2917 978 2395
2119 1018 542 322
3324 1343 5062 2234
5893 2002 196 302
3525 2076 1552 906
1323 1241 362 806
337 901 4744 5358
4875 4041 733 1117
1530 2825 1309 3927
318 767 1491 660
4579 3812 3457 1886
2211 6620 824 2087
403 730 1824 1750
4582 2016 871 1608
3602 2036 237 325
2348 5130 3030 2040
1060 2820 2288 1199
2016 1284 891 834
950 504 5561 2407
888 791 554 654
3768 2277 362 610
4038 4610 2118 2139
760 1462 5387 4719
989 1310 439 894
3136 3769 149 260
1016 1351 189 537
6101 3063 947 2281
3874 3155 1904 3345
2760 1947 136 198
1275 475 2313 5500
2917 1988 1750 1881
5321 3256 1399 2469
3858 3900 3824 2326
951 1775 2687 1654
3103 3891 2051 2803
352 658 5729 5851
1640 2465 2454 4332
5547 2068 1984 928
2871 6610 5776 2097
1335 913 3566 1737
565 247 3538 5597
452 444 3326 3228
2407 2049 703 616
2855 2655 2850 1045
1610 1718 4144 3157
862 740 495 676
2025 977 2307 4777
361 158 373 197
2908 1333 2480 5852
394 140 2642 4622
1407 2802 3803 1565
1354 3805 2012 750
2135 4483 3617 3526
4347 1574 640 1311
1477 3586 1699 2955
4322 3363 1492 3632
599 438 1917 3341
5803 4023 107 108
665 1898 5459 2084
6202 2093 1235 744
5895 2440 2100 2634
4816 3251 3257 1518
3061 3414 2125 3420
1219 2422 1628 3328
4133 5045 2250 3360
599 1752 2748 7082
1701 3806 453 423
3222 2076 2674 1995
2139 901 2719 1837
3745 3553 594 206
5864 3109 678 617
4145 4551 2114 2563
2240 3148 3258 4168
3118 1093 3397 4523
1702 1030 1519 2357
3749 1694 448 180
3365 5699 206 477
1871 3236 2200 3134
1840 1949 5635 3078
2644 1527 555 1515
2642 3029 420 882
2646 5283 709 382
1071 1075 2265 2629
1887 787 45 128
7014 2763 4482 2661
1067 3019 3523 1623
1690 2709 167 372
3203 1844 1649 2953
4794 4448 3061 3045
1355 3831 2245 3974
1695 1624 2206 2091
2644 4069 4906 2240
2139 1318 3864 3945
2222 4350 2473 3508
1485 1333 4786 2909
4352 3151 2643 940
754 1614 3167 5422
2339 1118 2323 2917
1529 800 3141 5803
2451 7068 2328 3458
1914 2631 1724 942
2763 1018 1166 1285
4735 4792 2772 4586
2129 3844 790 2310
2027 961 3206 3524
6721 3050 3874 1495
4630 4581 1788 1255
4546 3233 3881 1852
3548 4820 1421 1163
1130 898 2018 2517
5699 3438 2213 845
4839 1790 468 610
4410 4427 3278 1997
1043 1792 4158 2358
885 631 2630 2000
4001 3257 1955 3480
2028 2136 4115 3913
2234 2492 202 284
1049 401 1105 3043
2719 1822 1725 4548
3137 1186 516 705
3232 1919 83 47
714 486 366 826
845 561 1608 592
2030 2704 1885 1058
2359 6488 551 1529
771 330 6883 3366
841 1365 1549 3282
1024 2017 1765 3091
2755 3201 404 363
304 301 1420 2320
2182 2675 240 357
279 583 3676 4604
303 283 1844 2060
1870 2204 4154 2236
1826 3661 4039 1762
5268 2982 2169 2071
1841 1634 1427 3521
4109 4230 1999 4650
2597 3272 1197 425
4430 5262 5329 2227
702 1205 1974 738
6069 3242 72 23
2202 3633 3360 1609
5595 2899 1013 2971
4241 5391 770 577
877 1077 501 286
3372 5286 1233 1043
244 200 8522 2993
2274 1182 1757 4454
3088 5608 1676 1547
3861 2847 719 388
1497 1445 546 272
5057 3344 2166 4310
3394 1862 2137 1474
1218 3550 2352 4350
4004 5395 1662 1125
4636 3464 1845 5248
640 1540 4510 5565
221 262 5019 3045
4954 2766 1182 3184
1119 1095 1971 2986
1493 1939 2500 2568
3104 3995 1980 2537
3114 1387 1604 975
4836 2413 6098 2128
3646 6206 4044 2850
2633 1285 1067 3116
1088 706 3618 1443
1790 2649 740 900
3732 1417 590 232
887 2212 3995 1893
872 1584 2036 3285
1757 967 3496 5626
736 1045 3824 2893
581 330 3969 2201
4672 3307 4345 3236
1420 1202 2603 5809
3180 4895 1473 1035
4651 2393 2886 1128
3241 6699 401 183
3457 2365 99 148
3183 5461 944 1951
1105 1501 2886 4878
3563 2528 1915 3087
3121 5222 2991 3612
2849 2743 1224 2831
686 779 4084 1631
1396 1565 3939 3012
1171 1269 1454 530
829 1105 4799 4812
2783 2509 2260 3155
1077 1178 809 877
2771 3570 1519 1491
3441 3928 1152 509
209 422 3341 1850
560 198 4144 5275
4663 3192 1208 2384
1742 2389 1031 2016
2864 2977 34 28
661 299 1572 3424
4391 3315 85 227
5043 3336 508 487
3228 2263 1002 1667
906 2292 2959 3528
1620 2536 836 1979
3404 1182 4972 1659
1129 490 4304 6547
2601 3038 2989 1426
3233 3582 2196 3009
1596 3404 3422 4613
557 322 6162 4831
3862 3592 2705 5346
633 840 6432 3583
415 195 2185 2331
2606 3695 621 316
4168 3207 1053 598
4200 3878 3449 3001
4008 3209 1224 1441
3496 3317 2043 1217
599 1252 5125 5270
3217 2657 2279 879
2540 1337 1231 652
2542 1382 1409 4137
3736 1586 365 635
2240 5768 3739 2692
1670 1692 4241 2737
476 360 900 647
2659 2654 3185 3907
5846 3511 436 257
2817 1066 4038 3007
775 627 4359 6718
3818 1945 3075 4512
1078 2973 290 663
2241 2568 747 1791
1046 935 2485 2797
1552 3191 240 225
1550 2165 1985 4026
897 908 377 523
2266 893 121 173
5701 3636 291 282
3885 2825 3745 2900
956 2372 3876 2648
3398 1506 3130 1481
1820 3930 2092 2203
2716 949 687 317
1466 2306 3366 2247
836 754 2516 2665
2704 3318 2741 3728
592 1322 5044 3453
1878 2368 803 850
2974 4883 609 657
3398 2255 1209 1862
2260 1176 2475 6077
3448 1214 1628 629
332 822 1144 1023
852 1460 1566 2935
3472 4950 1159 3120
1653 621 2733 5559
428 1122 6337 2279
2422 3044 3832 3848
3512 5176 891 2592
1058 648 941 2536
1082 1367 1201 487
2208 4189 808 291
2610 2780 1292 2089
3505 5371 1860 1946
4043 5080 1175 2388
2024 3297 703 979
4084 3983 1945 4038
684 785 245 176
2025 2432 937 723
4252 4251 1135 2997
1325 1610 2705 2684
1042 1245 110 313
2903 3804 4335 2080
4972 2068 1928 2343
1985 5278 3507 3025
469 542 986 1409
5361 3956 2939 3872
3329 1281 3391 1995
1606 2732 1191 3174
1670 955 564 849
724 608 1843 637
1159 1304 182 134
2683 7070 1185 398
2886 2455 1955 3118
2414 3810 1344 1824
5097 2365 1391 1158
1124 2253 2111 5627
2339 4705 2544 2007
715 1027 1907 3754
4350 4871 3471 2031
1205 2197 3225 5952
733 1632 3106 3176
3854 1820 4081 3996
3446 2193 4043 2937
2197 4151 757 439
1764 1288 1311 875
3262 4165 2800 5358
3565 5657 3360 4493
3550 5493 1200 1188
1770 3312 437 268
2262 4555 684 1723
643 850 4788 4232
3438 5473 1759 1061
3781 3218 841 387
1144 542 3744 3471
2576 2884 3969 1983
3470 3841 2286 4920
5415 3763 2351 5316
4406 2437 154 465
362 283 1583 3049
7015 2585 943 1649
3816 5372 2089 3831
4973 2533 1625 4506
1646 1063 2699 1741
3489 1688 2806 4548
5667 3204 2310 1443
1616 777 2201 4660
611 1577 707 1611
2301 3296 761 1030
604 1792 3496 5422
3261 5102 2737 2572
512 1152 2317 1925
4880 3408 2126 3840
1366 678 4233 2142
1086 2069 1802 5079
1529 905 193 446
2983 6117 2699 1585
5280 2109 812 909
1414 2693 2242 1712
2017 1687 3278 2655
600 619 3242 1642
1786 2622 922 1114
3167 2819 664 723
3994 1558 2754 3191
568 513 3295 5809
520 572 2770 2128
1103 2531 3652 2579
2382 4148 2071 804
1941 1692 1492 1290
4121 3244 2551 1359
3108 3865 5544 1863
4384 2019 1496 1007
2641 3445 4560 2205
5892 2984 1003 476
4147 4679 775 1606
3253 3935 1653 1479
6626 2850 2451 3325
3013 2682 478 283
2488 4162 324 500
2106 1171 3147 1345
1995 2073 1206 508
739 259 776 547
1716 2334 3299 3511
2049 2857 2418 1556
3208 1678 663 700
371 477 958 2075
814 315 1633 840
1156 2310 1216 512
2142 761 1525 923
4949 1751 3099 2498
1732 1235 2024 2965
2587 1731 2926 4428
1183 3172 1724 951
438 418 2320 2168
1737 3989 2420 1559
1660 626 4154 2396
4961 2660 402 391
1261 1408 11 13
5591 4166 2601 1260
4804 3366 298 274
4814 3654 4537 3528
3895 3153 2748 4362
669 789 6040 4324
637 976 1896 4349
1106 1817 2628 5400
5007 2064 254 308
1870 876 658 1655
4166 3207 4238 1655
1061 451 1362 2417
2076 3530 2027 3064
4044 2290 854 1355
2317 2104 1944 1188
3976 2147 734 282
5907 2985 2348 2097
1882 2954 2303 1520
1168 2724 4637 1851
2148 2860 3560 1782
1283 846 5458 4697
3015 2264 514 213
3082 5631 250 347
590 615 33 14
2104 3532 2829 5332
4931 5056 1861 5104
965 2195 4215 2151
2860 3703 4005 2371
4669 2103 3031 3740
355 163 3956 3175
402 573 3788 6196
3150 1110 1527 3464
2534 3129 4503 2616
424 376 1552 587
5062 3019 3476 1285
785 330 4868 2266
3558 1303 361 838
4499 4071 2824 1253
1007 833 2190 1414
1466 3625 1396 1891
1087 2713 1346 2566
3271 5419 2677 1320
5154 2304 3114 2829
873 1119 3948 4294
4784 2276 2031 812
729 926 4172 4452
1308 3727 475 1353
1358 3715 989 859
4251 2633 1356 951
2882 5389 292 544
2077 5044 2088 3993
6241 2135 1980 3446
1551 768 4549 4633
6559 2768 3245 1602
2730 3811 3191 1583
1915 5618 243 313
3580 2669 4094 2635
3537 1237 1783 4834
3099 6201 1087 1716
494 218 62 97
5580 2191 3128 3652
3361 5487 3944 3362
6128 2426 3093 1811
2855 6599 1720 2892
2241 2048 3478 4612
804 978 3284 4211
6092 2941 3609 2392
4517 3017 2551 2480
278 759 2340 4729
2031 5653 5781 1974
2687 3862 1588 3253
435 1119 2397 1582
6790 3187 7 9
1362 488 1691 1179
1859 4357 228 473
4942 5026 4334 3364
5724 2354 1064 1595
4519 1884 2241 2061
2512 1800 142 280
882 1004 2103 2284
891 2493 2310 1887
2550 3676 1220 1348
871 1979 3669 3042
3520 3406 223 118
1105 823 334 177
3748 2595 2423 5640
547 379 3058 3134
1935 940 4766 3256
3339 2660 1767 1097
1011 898 476 717
4689 3972 2320 4209
4428 1826 978 511
2569 2399 3721 3380
3488 4826 1291 3018
4886 3845 1992 1457
804 828 2950 2839
1063 880 987 795
1771 2979 2440 938
1246 1447 319 509
770 793 297 153
3158 1666 3132 3728
3720 2164 330 721
1425 3714 1249 1438
2965 1554 1560 2253
1169 2690 1013 2744
4023 2382 2182 1235
604 1522 2393 3808
2820 2890 1121 940
1639 1093 5111 2642
3917 3122 1148 1159
272 484 1613 3679
649 1686 614 722
2566 1888 320 155
2371 987 1586 3693
4214 5586 206 463
520 498 3787 2161
2142 1648 3574 5023
1179 1055 2089 6078
2763 4827 4830 3358
214 571 303 830
5330 4452 142 263
2922 4132 4328 1752
398 1135 4708 4206
2391 1411 2158 4045
680 474 2079 1256
2942 6858 949 1362
3192 5589 808 2426
518 439 5521 4184
4951 1936 3346 2176
3496 4833 267 352
1574 1421 1570 1307
1100 1231 2446 2602
3302 1391 2725 4505
2084 4314 1067 1095
2024 1141 790 1236
1862 2443 231 99
813 1511 3697 2388
3847 3566 255 392
4071 2354 3584 4611
1855 4278 619 1138
1137 2578 1486 3050
2259 6045 1802 1758
1044 1924 3239 5138
2969 3830 2462 3985
1427 3508 1813 1702
1032 816 258 545
1687 1770 483 763
1117 1299 1262 752
407 259 6223 5590
1245 2639 4297 1916
1642 672 407 1140
2747 1669 121 72
744 541 3344 5251
788 1277 5788 3732
1620 1709 5581 2611
4031 4182 137 116
1633 1129 1884 3957
1627 1303 952 1978
1896 1824 1921 4448
882 1451 3452 3283
1029 1502 34 104
3257 5159 582 1078
2747 4726 910 1076
3113 1698 4977 2220
1538 4402 3634 2361
2471 1343 2284 2150
1788 1902 3253 2198
1774 3690 3006 2798
4821 4020 301 590
1944 3309 2899 4315
3518 4391 2641 4500
907 343 2909 1389
4178 4535 586 1010
1094 2282 836 314
932 439 625 905
540 450 2759 6826
2163 5443 1291 2504
6155 3035 1006 1141
1532 2527 1794 2505
3136 4482 571 1090
839 2146 2797 2104
3294 6676 4350 3144
1094 1614 2136 4451
4209 2097 808 1058
3580 2018 2343 4620
1599 1310 2076 934
1781 1177 265 757
2117 1280 3151 4274
1766 790 2115 6094
2729 3180 1139 633
1965 3873 375 388
1148 2693 1516 1170
4710 2829 2269 5037
3664 5936 274 714
1258 1771 3733 3447
766 277 489 527
690 797 3319 5323
4780 2954 1183 467
543 1196 3257 5125
1327 1376 1474 3392
5524 3811 1907 2068
1541 4208 1256 3011
231 225 702 416
1752 1343 634 1765
1072 1142 4948 5282
3022 4760 1902 876
1190 1683 2105 1757
1685 1978 1326 2533
374 455 771 356
3142 4197 1673 959
4145 2856 4377 2957
811 1244 2032 4824
2419 2397 2098 5739
1388 1332 2063 917
1927 1239 917 433
1983 1198 2890 2164
4647 3001 3556 2274
1715 4317 2525 3636
3872 3580 1112 2287
2164 5384 2492 4600
3321 2485 724 1539
704 548 1571 1714
3550 4108 1331 778
1552 1428 1451 4071
1652 4354 1399 2564
5406 4301 1874 2837
1385 1671 5620 3142
4527 4222 1668 4634
3262 3047 909 2377
1502 1032 4558 5018
3338 3347 2070 2767
433 216 917 778
3334 4253 5950 2088
4523 2284 1102 1795
1752 3338 468 875
3668 4381 4986 2683
4995 4328 3144 3085
3374 2623 1730 2258
5096 2159 69 158
4282 4574 486 1091
3759 1680 899 441
1643 4591 3046 4812
5920 3959 2393 3930
2267 1600 3565 3024
1230 3024 1014 2115
2099 4884 5101 1728
1226 471 2861 1352
505 1191 63 124
1157 1303 2290 6152
2335 820 2130 3483
809 1018 1388 946
2549 5125 116 74
3694 4579 811 836
257 390 1680 4203
1599 550 432 705
1142 1441 4915 2204
343 338 580 613
1397 1452 3321 1657
2329 5481 1013 647
334 494 2598 6059
5168 4116 1308 3377
818 364 4265 2116
4374 5326 3657 3247
6213 2501 375 247
3738 2123 2228 2586
4436 2868 3732 2469
3375 1502 2356 3836
2716 1044 903 527
2360 1853 347 301
1255 730 7167 2645
4956 4080 4904 2043
829 425 3832 1867
1943 1467 285 118
2272 6763 1789 1559
713 619 2155 2600
1143 2346 3130 5565
426 305 389 256
2586 4521 606 838
1865 2863 4340 3316
2556 7259 2265 5592
2153 3932 3454 1151
1649 2079 1814 4269
2988 2745 167 273
2954 1285 1646 774
3544 2857 4150 2133
3304 2975 1597 1197
3389 3470 2125 4299
2067 4212 337 532
215 423 1628 991
6398 2741 167 192
2620 3306 714 1649
4314 2949 841 711
207 294 2123 1573
1073 506 1627 2112
381 601 1766 2988
5041 2834 2179 736
1211 2151 2780 3109
4836 3968 166 226
2442 866 2127 1119
670 438 1117 2680
6500 2975 4074 2046
3015 2709 95 111
4568 2822 1421 2033
3716 3295 1338 985
2829 3213 1939 4529
2002 1855 2017 3437
3981 1614 4165 2762
1620 1725 5508 2071
1754 754 1568 1674
1869 2450 2300 987
4401 1611 3046 4446
4707 2803 2127 3366
4504 5005 4837 2128
3415 3204 5219 2456
2245 5214 4220 3420
3045 1942 2696 3476
500 508 1520 3302
734 484 6520 2829
1018 1567 463 604
1562 3830 679 1768
5448 2559 2944 4680
2816 3529 508 243
5691 2331 3093 2296
2033 2715 1627 839
3834 2861 1390 1191
574 623 4231 3247
3260 5457 3565 2704
2431 909 2377 3369
3139 3869 1973 4302
2262 3414 4889 2110
4257 2416 2 3
2604 1931 1115 1216
4890 2747 2957 1103
5273 1923 2269 1222
697 1568 1337 1986
3536 4236 3380 1845
4089 1755 2568 2074
6384 2279 5900 2177
432 687 585 443
737 386 162 257
1801 619 949 2592
4594 3363 779 322
2967 5271 3165 4197
1196 1337 4692 3201
998 2910 364 350
221 505 793 1526
1596 4055 1105 1468
1553 4630 1004 1039
6049 3670 3842 2859
3182 2716 1610 1118
312 139 3371 4025
3215 4006 2467 3806
1428 1694 2024 2329
2499 5667 905 1091
951 1996 1256 2103
2165 4213 670 556
1857 2740 1878 5618
2423 2895 163 215
871 1382 444 479
1377 2464 1766 3990
3532 4612 1632 821
1158 2906 2148 3544
3311 2550 5398 2393
2698 3147 3811 3842
1423 3346 378 163
490 549 3750 4136
1433 1546 3662 5369
717 1057 4870 4964
1236 1797 1421 789
1957 4999 3971 2658
3310 2239 1581 3247
3809 2868 2517 2428
2413 6721 880 810
335 649 3238 1176
1957 803 1368 1909
5097 2799 2566 2543
6573 2819 3869 2916
4508 5144 5019 1979
2188 5144 3094 3287
1032 1070 1053 780
2889 1462 1011 1211
1312 1652 3035 5163
2248 2707 1524 3841
3346 3499 3277 3770
2590 6916 2123 5791
996 1237 6126 3141
714 583 1498 1803
3827 5410 2867 4330
1007 1967 3119 2610
839 2264 1479 2807
3454 1589 1722 2441
1009 2509 1163 2820
2121 4222 1375 2242
3067 5132 3115 2321
4958 3499 2083 2247
4100 1541 2439 3662
5554 2846 3516 2783
477 284 4453 4543
1273 1475 5332 3628
1841 2049 3231 2475
910 2181 218 345
5212 1790 3721 2600
4878 3825 1497 1797
4399 5001 433 708
1974 3087 1995 5539
1893 4036 5363 2806
1370 2435 374 161
1663 3458 251 730
1363 3016 2747 4035
2472 2864 1140 546
652 498 6076 5397
2638 5458 907 2667
2790 4961 1964 1626
1076 1111 2763 3837
1942 3543 750 813
1830 1729 3891 1673
1908 1032 1074 629
1832 1125 69 104
2280 1648 3395 2188
1559 4151 1844 5065
933 1287 6233 2781
2434 6214 3721 3565
1775 4831 3354 3943
525 1116 7380 2648
1374 2650 1892 2240
1498 3264 4077 2104
2201 3753 2782 2769
1981 1489 70 190
2140 883 2377 4151
1338 491 3524 5173
6368 3512 433 1159
651 327 5287 2038
556 205 2735 5587
2432 2821 2209 2729
2807 1437 3449 4838
3685 1549 251 491
152 438 2701 3988
4392 2620 511 632
2029 1934 2959 3058
1644 854 1308 3531
2091 1811 466 664
521 881 5644 4551
2004 739 500 588
612 638 6217 4429
2272 3740 1398 570
735 499 4859 6503
1764 3250 2339 4926
3177 4393 3738 1978
1683 1398 2874 1337
4961 3060 2606 1647
6053 2315 527 908
1841 1125 2455 2682
1415 2433 1786 1433
3798 1501 2440 4231
2417 6040 1738 2524
3644 4174 1645 4931
2761 1650 1537 3273
3283 5201 1508 898
1151 1437 2667 4421
387 187 4207 2579
4640 1587 4663 3215
5489 2266 99 260
1047 718 1080 844
2974 1894 4125 3544
4833 1938 344 244
2801 1997 2385 4012
4599 2972 322 730
3873 5987 643 1739
782 499 3505 1268
4812 3800 576 271
1007 1527 1118 2736
3856 3666 3010 1152
3659 5708 1969 681
203 604 4185 3788
178 339 2673 1128
2202 5582 2348 1344
1354 479 3789 2988
723 408 1254 3649
3301 5907 2012 834
516 649 2090 3435
1608 3344 545 1402
1375 1096 1032 1916
6173 3498 1957 3251
4558 2975 1945 819
3456 4600 1300 1947
3508 3185 1292 1167
868 835 6900 3318
3483 2768 2986 3338
2743 2842 1528 3779
4601 3435 3034 1466
575 1532 1313 559
1431 3756 2638 2587
3693 5500 1325 2370
4065 2886 2347 2263
2199 2119 559 456
1996 2033 59 172
1716 1403 4219 3991
2559 4347 1244 3654
847 1788 381 312
2988 2027 1857 1537
651 1063 846 445
1037 876 230 402
738 1101 6601 3076
5906 3405 2335 3334
2242 5041 2218 2075
3023 2166 4460 2177
5497 3011 186 220
4026 5569 1925 1876
5776 3179 3971 1609
5251 3294 2202 959
3893 3743 4937 2215
6453 2907 1168 3184
1903 2113 1818 614
4770 4427 932 645
6573 2927 2352 1046
230 685 4409 3454
1534 2293 2032 2137
3639 2369 868 1072
1832 3189 992 336
2455 4709 1941 2719
2590 5821 3046 1418
2562 961 53 44
3509 3250 2728 2485
1238 2391 2597 3407
4663 4883 5126 2636
2689 1560 2356 5502
918 344 3231 6425
1565 1006 3028 1266
2818 4115 922 885
2829 3660 1874 2169
2517 2652 3027 2435
7301 2545 4730 2654
922 1168 7250 3113
961 1127 642 494
1032 1499 777 2331
1819 628 77 111
4979 3847 3157 4062
1893 892 2826 2302
1099 3081 410 313
3338 3768 872 1907
852 616 1479 1926
4885 4379 1157 1948
2688 3591 1529 1628
490 433 2093 3322
2533 6261 3591 2597
3731 4214 335 177
2247 2503 423 1075
262 579 1430 2727
1806 2187 3410 2900
2130 5552 3021 3149
5100 3480 571 1570
6581 2412 4081 2159
194 303 5074 4969
2407 5960 5163 2749
532 1356 3620 4398
1045 936 3060 1355
2505 2788 305 674
356 792 2494 1346
3193 3068 2861 4735
6568 3268 1435 2890
832 822 2076 3861
2540 3137 258 221
398 480 3118 1479
1562 4068 2114 5459
2836 3416 1840 3896
2116 984 2249 5863
2685 1443 200 200
1577 3177 1803 1436
275 271 1084 1906
2533 3250 3835 1443
1508 2478 2827 1498
1527 1404 1126 602
1739 2024 468 189
1998 4086 189 558
3176 3714 1258 1465
291 819 431 163
1593 617 306 702
4424 3425 2089 2400
4561 3964 267 618
3513 2548 2087 1642
1893 2241 3236 1896
2055 4119 310 220
984 859 4117 4500
796 746 762 730
3489 2941 1462 2082
456 743 2553 7111
4262 3820 413 906
4174 1479 1925 1421
1623 3277 687 1079
2017 3228 1302 741
2532 3891 635 1234
4175 5464 1245 2329
1097 2225 2385 3595
2614 1711 1930 651
1200 1248 2418 2428
356 610 3899 7154
653 415 1829 1298
293 853 1417 1892
337 693 3622 1742
3343 2088 3382 1198
1552 972 5454 3786
3714 3436 1166 2691
4890 2431 4058 2663
2334 6628 279 440
1324 2785 3809 4482
4189 4138 865 2067
461 697 2257 4321
3112 4475 2451 948
3203 2252 1136 722
1187 1410 5138 1957
6507 3418 3264 4095
2482 4942 4835 1896
2015 2915 1531 1549
958 1940 3875 4119
231 214 4288 5128
192 397 349 153
1120 1562 3235 4084
358 730 3002 3571
1916 2053 761 264
409 681 3624 2409
2129 2365 1214 2565
2894 3342 1833 2107
389 576 5717 5530
2646 6498 730 2093
247 706 3011 1321
1546 1042 4406 3887
2016 3565 635 738
3627 2168 775 1166
2608 1038 2752 1489
285 288 6304 4946
5105 2046 2384 1672
2996 5872 2049 1847
1726 2267 2502 2895
1249 3109 494 777
1906 1567 929 2668
6414 3187 4829 2326
1365 1266 284 805
6869 3015 1917 3102
491 938 3443 6441
1656 875 4721 3410
4383 2416 1490 1653
791 1061 1407 1592
1937 2119 2403 2299
2103 1655 2986 2973
2971 3939 1200 2103
1619 1415 4290 1431
5154 4410 349 751
2295 3223 3419 2704
1671 2150 4784 3055
5764 2515 5085 1731
1590 2205 3212 1394
2411 1376 2289 1919
419 662 2100 5068
4252 3367 1090 1083
306 891 4787 2446
919 2039 877 1800
6872 3080 3422 1507
2690 1237 2757 4704
1875 1396 2953 1402
510 1501 138 370
376 832 217 267
3824 4291 2102 3827
2328 3751 3181 3340
4245 5118 1621 3862
2088 1500 672 1527
1273 1831 1933 1633
2620 4022 2481 3600
3873 2827 2299 3011
1713 3136 1997 4979
6778 2911 4383 3559
4950 3040 3156 3584
2291 824 3825 1955
4183 2080 2142 1415
2299 1509 572 1407
4666 4851 268 715
5070 3405 822 1133
1267 3125 601 1732
1506 1599 2426 6468
1666 4921 1721 4527
2769 4514 2148 3659
6146 2073 3607 2863
886 2051 4779 3378
2828 3442 1148 1522
443 1144 2289 1917
1011 2362 2647 5570
2235 4760 3200 2729
5186 3071 1017 1468
2155 740 797 1658
257 297 5585 4360
1196 2198 4665 1897
2603 5665 2813 2783
4594 3376 2945 3211
2957 4615 1706 1094
6255 2773 153 156
2677 2223 2036 4941
6489 3095 118 164
1573 3415 16 17
5138 2534 1673 3484
5090 4203 1840 1198
5249 3306 6059 2203
1904 3018 1057 595
2378 3081 1098 1247
3979 5415 411 1040
1979 4813 3104 1468
5205 3416 1552 1802
952 1405 3200 6221
1485 2512 592 898
615 421 1163 1758
2236 3137 3444 1929
3207 2389 832 1901
1332 2673 5490 2041
170 482 2944 6362
5539 1972 1148 1287
4205 5079 534 1157
2778 6316 2424 1842
6503 3388 2725 1070
4333 4131 915 1056
3825 3421 1368 901
3716 3174 671 1495
426 406 3513 3309
2382 1884 2472 4255
1460 2641 1757 1803
3391 2785 734 514
2923 5084 3366 1454
4067 2047 1458 1515
1571 3747 5285 2918
1205 2438 2587 4099
3400 3759 1376 746
2099 1788 1915 1487
3644 4555 4195 2960
1829 1711 3131 1251
230 321 2989 5874
3058 2578 4635 3126
1473 3239 2036 928
3552 1929 2987 1445
7081 2561 61 27
1492 2134 1307 1201
1833 1709 800 445
2812 6951 1780 654
624 1436 2609 6488
1023 708 1419 3177
1591 3397 1322 440
4681 5054 671 1542
1241 2508 4560 1981
396 814 1667 3722
3427 4553 2553 5287
2813 2484 1721 3345
2035 3095 614 382
1233 3288 2445 1332
1047 3020 1642 4673
2579 7307 3026 3064
2024 1422 824 1112
2687 4729 2427 3046
6430 2389 268 773
6406 2920 323 379
3844 1588 1340 1507
3940 2429 3940 3560
2640 2158 832 639
3311 1565 603 729
278 679 780 653
3492 2446 3864 2253
999 2221 1398 3858
4492 3955 4351 3128
1692 4988 3312 3898
2962 2007 2391 935
4834 3294 2615 1048
2850 3909 5275 2734
289 588 1539 3601
5359 4123 3806 4033
931 836 2491 2175
3628 4617 1394 584
856 328 6682 4115
2775 1027 2367 4900
961 775 567 1463
4158 4941 560 1184
2835 3643 2067 867
2580 1330 4606 1846
4661 2406 4567 3091
514 1032 5663 3583
3986 2939 1894 3192
4850 4455 2966 5171
2843 5022 3481 2331
4338 3195 1176 1503
1371 994 3887 4869
954 549 4925 1850
3066 1052 1699 2626
817 1181 1856 4476
6432 3003 237 266
501 562 4131 5995
5601 2356 1422 2360
2318 1133 1071 1730
952 1030 69 156
984 2680 1035 387
3924 5385 1155 1095
2709 2233 1706 1032
3454 2431 730 1493
4365 4118 260 555
560 736 942 2449
1449 2714 497 1392
4284 2735 2229 1213
3854 2941 1958 4511
1541 3131 2494 1619
4644 3023 2072 4963
5818 2351 1345 661
2476 6629 3551 3473
4309 3129 558 1094
849 338 4393 4658
944 1667 3282 1858
3707 3183 3163 1311
2752 2144 4297 3468
5630 2662 277 476
2405 2077 4404 2877
2956 5340 5194 3072
495 456 373 886
4187 5447 199 384
1351 3056 584 317
2692 1527 3089 4451
997 1516 2470 827
345 214 5728 2729
1968 1649 1195 2135
3753 5500 932 1528
1177 2027 1291 2444
3595 4417 2725 2674
5186 1746 1187 496
3328 1607 354 228
2302 2200 2399 815
3921 3289 957 1970
2425 6247 201 347
1909 2170 1708 883
3610 3037 2321 3981
2839 2111 2495 1604
2302 1683 1253 2213
2321 1349 2625 1482
4249 2065 1222 1925
1596 4265 599 1448
6121 3550 534 392
5275 3312 3586 2581
1289 1384 4186 1923
1069 1843 3356 2137
4305 3596 1490 927
2250 1845 2036 4093
5077 2697 163 278
2133 3958 585 1165
329 175 7866 2986
2692 4563 2647 2021
2752 1953 2125 2155
322 753 2278 6537
3834 5086 1759 1453
5287 2297 2138 2188
1529 1446 2599 3528
6125 2041 4264 3291
965 744 5615 3168
6902 2423 2495 1428
4882 1666 3684 3582
4916 3463 2745 5445
5599 4201 3463 4234
2627 5441 1684 1050
4772 2241 3130 3379
2289 6814 2076 2731
3105 3517 398 235
763 695 1163 967
3145 6678 1153 3006
4008 4334 3017 3166
1124 3065 1919 2031
2609 2160 2928 2909
2072 1583 940 748
2273 1195 6107 2567
6136 3610 247 385
1092 2730 419 266
2270 6276 323 259
2282 3498 1477 842
357 174 3926 3765
2477 5429 2028 2636
2144 993 3073 4467
495 853 420 1113
637 685 5932 2701
869 550 2907 3814
786 703 1519 2451
602 767 526 837
5902 3972 2523 1508
4615 5374 3355 3961
3816 4578 842 1741
1410 1784 1082 2721
945 706 5196 2489
5974 3230 1510 1890
1599 4377 1389 2095
3967 3760 1355 2223
1753 783 3277 3939
4783 2412 1045 1766
6951 2473 1532 2232
1314 2047 2225 5831
645 817 1022 1187
3994 2760 750 1324
1121 1279 2363 1494
3200 1571 756 390
4816 1793 2568 2514
341 537 3973 3424
1918 2340 1708 2807
