2000 1239
1560 2458 2132 1068
3449 3227 1176 575
953 1017 5773 5213
4695 4535 1969 753
2938 4599 3160 2640
3890 4919 2273 847
3159 1200 246 703
3287 1238 3106 5026
609 1441 4841 2344
1612 4013 3185 2269
7095 2685 417 701
1074 1660 3599 3671
1371 3891 2508 2364
1490 4127 80 31
1763 3145 3926 4371
398 838 3913 6007
696 1985 2490 3122
4961 3204 3370 4990
644 670 4812 2063
1042 765 2701 3351
1595 815 3262 3244
4383 1747 5108 3949
3325 3174 1440 3924
1978 2094 1543 3631
2046 896 3101 6398
2094 5276 1839 2124
840 353 4719 4489
2641 5446 2009 5872
4295 1664 1621 901
1614 1138 1757 5009
1939 1605 3542 2948
661 299 5131 2851
1058 412 6773 4425
3044 3286 315 271
4119 2549 5329 2285
4019 2364 1053 2704
912 674 7677 4168
1436 2508 2108 1987
3541 5803 5137 1980
1711 1795 3351 2727
2006 4855 929 322
1220 3226 4531 3753
3017 5307 5967 1999
1543 2470 1972 704
1027 2256 3867 3002
1264 1443 5577 2259
3565 3754 3336 5969
3530 4082 985 1221
1835 3006 4625 4549
1143 395 2729 6787
3138 5782 909 643
1625 4640 2689 4817
1273 1914 3237 4946
3602 2991 632 1654
1478 3056 596 212
1112 734 3086 3849
840 2031 4436 4709
1048 2714 6692 2896
899 344 3223 3923
4067 5908 1652 3790
2219 5037 4583 5004
416 296 4473 2866
3377 2132 898 640
2578 5913 1843 1116
1921 1651 2660 3178
3153 4206 2010 4978
537 372 2667 5072
2003 4323 3206 5898
850 766 3013 7143
5466 1995 4568 1554
6113 2378 1753 1249
1779 3128 5850 3029
789 1914 3989 5925
1976 1956 3492 3708
574 889 7296 3225
2418 2522 1599 1515
3051 1501 3501 6210
4931 4775 5228 2374
2887 2878 4598 3783
444 861 5342 4043
3812 2603 1139 1080
2600 868 4029 4627
2007 1060 2311 5418
2744 1234 3657 3802
2586 4230 173 290
1401 2301 3695 5203
4295 2943 3947 4378
1034 1198 2092 6000
818 1413 3216 4275
2749 5726 757 268
2226 1552 5180 2845
5867 2451 6192 3080
405 592 7127 2766
4296 5542 1820 3390
5208 2419 5157 1784
679 1794 6819 3557
1567 2260 3407 2638
2475 3830 17 25
3762 4343 5388 2970
1136 755 3352 3754
2870 1880 3379 1860
2134 5601 4654 4400
3899 3226 2721 6009
3558 5703 1038 2475
1282 2429 3814 1891
3640 2387 269 281
2972 4041 3233 3848
2122 2758 282 526
591 1174 3917 2849
1869 2412 4767 2068
4709 2988 2194 2517
3785 2231 3105 2213
408 683 6357 3083
5394 3173 4085 3381
2578 4276 2804 5284
2360 3434 826 1707
2931 4711 3880 4251
795 419 3567 6148
1444 2172 3433 2268
967 1702 3157 6353
2490 2444 1102 3260
2255 1574 3203 4125
3152 6390 4864 1953
1270 3476 9 4
638 483 6096 5827
240 329 1718 4901
1016 2611 4305 2970
372 563 3491 7443
164 391 3524 3001
3036 1747 5701 2779
1326 616 7212 2715
4013 4309 556 1592
984 1268 2597 3971
3278 3451 1053 459
898 1942 3129 6286
5765 2311 4839 4295
2879 3894 2413 5422
3082 2939 4823 4219
518 847 5210 5469
2569 2021 1564 1475
4856 3458 1014 560
2475 3255 255 237
3607 6287 5223 3667
211 243 5057 7181
1686 1076 3455 2392
3165 1696 1837 2445
5891 2623 4834 2628
2312 2240 4537 3015
1464 1385 3338 2102
1106 853 3124 4240
2521 5201 1460 4230
2619 5710 6339 2821
625 1430 3607 6251
2030 4361 1611 1593
317 468 5687 3491
789 706 4738 6279
1495 4446 4999 1994
1430 1109 2809 7804
3812 3213 894 531
501 911 3051 3602
1549 568 4338 2400
4070 1567 1214 1121
7013 2556 435 1033
2603 4404 3621 1437
2100 953 2198 4376
3187 4170 1929 1376
1462 764 4420 6364
3465 3849 2063 5927
1533 1392 3861 2912
2019 1956 319 157
3480 1560 3866 2146
3784 2370 3066 6061
4228 1647 1541 673
1779 648 5159 2087
4979 4653 2203 3186
696 1035 5310 2282
1586 1370 6695 2791
2701 2660 2102 1143
1914 2642 101 86
3056 1329 3650 3204
1550 1297 2616 3791
2508 3495 6234 2305
3494 1812 1621 2726
1555 1447 1650 4312
2323 5139 1354 1807
1377 1384 2231 3152
255 153 6597 3292
2818 4702 4871 4618
4590 2544 4374 3533
2662 5257 3302 3053
751 435 7792 4050
5705 2351 4265 3117
2999 4999 2509 1189
3354 3925 291 576
2751 3603 2312 2009
300 548 7976 3136
5503 2852 1804 1164
1501 3910 4393 4640
1459 1484 3025 6850
265 472 2547 6183
1205 1062 3540 2508
1099 2867 6284 2346
548 434 4709 7489
2767 2059 1391 2015
5928 2015 648 956
3977 3366 616 842
2020 3655 6492 2875
2596 5615 112 333
2881 1132 2361 3241
4144 4263 416 605
2759 2819 964 680
2004 2018 6986 2547
1469 883 6381 3488
432 490 3650 3250
2738 953 2069 3454
1462 584 4006 5387
2001 1465 5378 4612
3787 1679 5537 3683
2364 1813 6600 2901
4211 1582 555 1276
2508 4586 826 1726
2922 1112 2230 6644
1396 1761 1878 4790
4697 1774 1325 2706
2374 5808 1954 2140
2224 5646 1739 1360
1433 4256 2715 2515
6271 3259 1200 3145
234 216 3320 4275
6596 2867 1264 3373
1187 2686 765 404
2156 3129 1151 3255
3070 5640 2618 3903
166 286 4938 4824
4142 5735 4341 4795
1907 2364 4626 3358
366 430 3325 4463
687 573 2476 6792
1916 1014 6497 3040
4788 2760 462 1129
4000 3377 2739 3632
419 476 5804 5181
730 491 4859 3951
495 903 3063 4952
2626 1516 2112 3941
2133 4824 1289 1260
671 1856 3541 7381
1616 2338 3126 4669
2087 3819 17 13
1859 3884 3042 4415
3900 4530 948 1005
4274 2533 4597 4199
449 1046 7920 3271
1984 3774 1653 2408
1466 1712 4753 3211
3094 2709 1989 4641
7008 2701 932 2268
1680 1389 5312 1795
2605 2859 4946 2475
3298 2420 4816 2130
1594 1220 4149 5268
1968 4184 1533 625
973 1388 5057 3793
147 405 3472 4675
1845 1175 3953 3047
1124 1721 6547 2503
4429 5073 1289 474
1070 447 4770 7204
2886 6171 4957 4225
5553 2812 4148 2412
4624 1788 5854 2808
4901 4375 3117 1170
5144 2084 2710 3617
2013 1707 3896 1585
421 311 2731 7543
1293 1328 3679 5634
1182 2323 3574 3244
4504 5363 1171 411
3129 2914 2922 3985
1730 2668 1563 3521
1198 2630 393 539
2943 5486 2692 2135
812 350 7864 3199
727 497 3591 3189
2575 5435 640 528
2920 4273 6651 2593
4747 5177 3405 5676
2729 3652 806 877
1389 2198 1788 5007
6921 2399 3933 2480
1693 1366 3876 3414
5325 4429 1187 658
294 424 2848 3918
4642 3892 2698 2732
4320 1939 2172 4922
5276 2234 404 147
1944 1055 6216 4030
275 472 5739 6776
6055 3278 3298 6194
254 659 3624 5595
2759 956 4173 4342
4057 3379 3165 5351
3923 4883 1224 3360
1454 1925 4900 2194
5038 4422 1458 2823
5861 2916 1993 1322
2030 4826 1282 2097
546 191 3117 3463
3775 2204 2821 3288
4868 2980 1738 3451
2575 4849 2062 3121
3021 2569 770 1232
2762 1763 24 39
1248 3655 606 1013
5146 4834 2167 2705
3074 2317 1838 2558
3411 3084 2072 1960
2225 4222 2532 3020
2976 6534 4712 2391
1492 3829 1769 1162
1673 3646 2015 1562
1933 2097 798 946
1712 1385 5968 3487
1214 1387 5984 2602
831 1130 2659 6173
2868 1879 189 475
5042 2134 2059 932
1500 1691 2872 3155
1779 4964 2527 3881
2767 2479 2157 4824
925 539 5488 3508
1881 3444 4807 2789
1058 2359 3961 3556
4651 5044 6231 2946
2969 3845 3439 2317
2971 1157 2080 807
227 217 5942 2755
1595 4328 4703 1971
3103 2392 5443 2233
573 1347 2884 5240
3551 2739 6411 2872
385 635 4383 4580
1866 1405 5327 3590
2392 2921 3364 3124
717 636 4888 6826
1765 2884 931 335
371 570 8820 3618
2985 4693 1142 3340
309 380 2973 8072
3379 1912 4008 1686
2152 5354 143 71
4141 5600 4306 2922
993 1091 5248 4778
3893 3958 3423 4022
1705 4746 1120 1234
3294 4322 2460 4734
5982 2535 5812 2617
5450 3032 2253 1253
1617 2271 754 571
1451 3568 672 938
1337 2076 3651 3810
3232 2808 91 99
2593 6164 4562 2441
332 528 5611 4905
2064 5342 23 12
3185 2421 4950 4397
3136 3647 3108 1215
5213 4302 1314 814
2201 1937 1006 1181
3095 6209 46 17
775 278 4321 3720
4412 2298 3938 5295
1814 5401 1808 1542
2753 4529 2595 2575
2740 1962 3834 5113
6810 2660 3503 1490
2034 5747 2503 5776
1168 2403 4968 2177
241 168 5534 4929
2908 2416 4513 2736
2155 871 2751 3674
4594 5311 1384 4058
2627 4122 2523 3589
449 808 2147 6112
453 1006 2934 3111
816 1863 1881 5417
6030 3318 3352 1129
4108 3494 3908 3130
1676 4608 518 1508
1872 3268 2238 5771
1149 687 6232 3237
5924 3119 1271 1513
2764 2852 2373 1830
5405 3732 795 1403
1082 2342 5986 3565
3385 1208 4607 3030
3768 2715 2001 1635
2332 2164 5610 3118
993 2767 3140 3666
2342 5111 270 765
4041 4785 1126 3100
4894 2114 6265 2987
2814 2506 3722 1601
2723 2779 3177 4265
2238 2785 1341 1004
2794 3178 4985 1922
5119 3537 1137 2331
423 313 5682 3579
3304 4064 2025 3652
2437 2851 4276 1569
3357 1753 4794 4043
739 2105 3101 6030
1350 492 4473 5004
2016 2945 2017 1354
2466 3185 1417 1040
2218 2700 516 705
881 2326 7240 2423
871 1489 3242 6683
488 524 4592 5748
910 2075 2308 5863
4194 4437 2715 1578
5273 3388 2138 1859
3410 4837 2643 1928
3932 2969 2523 1273
3112 2752 3019 3863
5395 2208 811 694
3954 3527 1095 3006
3148 2289 834 1565
1385 1827 2549 5896
839 1223 5899 3679
6403 2978 1339 3001
2069 924 5201 2447
3481 4687 743 497
867 2522 3017 3225
5691 2532 1778 3049
624 997 2378 6320
1835 1787 3762 5113
3864 2205 4436 3111
3484 1504 1738 3424
2344 4533 2427 2512
263 301 3415 6476
503 183 4818 4214
4276 3634 2893 4665
1205 3469 622 251
1187 1010 3851 7424
289 508 2567 6641
4091 4976 3585 2820
2743 5250 1417 3152
507 173 7430 5067
931 1365 2394 3548
2048 828 3212 3107
1489 578 5327 1959
4172 1525 2490 1726
4852 3943 3325 4141
2049 4447 2778 3190
3303 5523 3872 4959
3850 3225 2273 1163
1181 1053 2009 4591
2870 4277 2408 883
2212 4743 1859 5004
5648 3367 2534 2990
5583 2592 1822 5462
6181 2758 300 767
726 1868 4127 1717
1873 2930 1150 2252
2586 3570 856 1864
568 1353 1933 4951
2960 4238 4222 2680
2780 2152 2838 5752
1618 701 1702 4721
1652 644 3214 4910
246 622 3587 6436
1970 1198 3903 2717
1577 4017 3909 4774
1208 3303 1973 5122
1535 2956 299 142
804 626 2161 4492
2315 5447 4674 2388
2324 3519 5682 3919
2740 4019 2171 4909
4218 3481 2727 3003
3471 4418 2504 3607
5320 2866 1146 1104
3360 1421 4563 3267
3646 5846 1137 2104
2253 3446 1875 2147
2919 6985 4010 4206
1337 1842 3821 4010
1514 711 5341 5640
2359 4740 3414 5126
2264 6171 1471 2391
2262 5178 3284 3506
2781 2095 3491 3828
1702 2566 587 1021
422 1253 2934 3364
2090 4374 1735 3140
2243 3848 2832 4740
6090 2615 2631 3664
2195 2415 4625 4038
2534 3213 1549 4175
217 249 2039 5993
4289 1705 313 136
3656 1272 1158 1530
1914 4347 1399 1319
1243 757 7856 2862
500 548 5247 4714
483 520 6246 2966
5950 2549 1474 765
539 263 3981 4606
835 434 5563 4282
1681 1073 3576 2042
749 349 6012 5725
5590 2214 2453 3968
925 551 3760 2846
3111 2890 4193 3426
2694 1620 4675 1659
3622 1328 4835 2298
1965 4153 2015 1933
4255 1451 1897 733
2776 4636 5281 2537
4910 2217 3116 2891
2726 1336 3000 2229
6056 3839 4744 4277
6666 2328 4958 4061
3504 2742 4400 3179
2185 1075 4675 2073
2973 6955 3062 5501
995 1109 4183 4264
578 557 5088 6435
3834 1512 909 552
1985 1561 3452 5131
3312 4584 1109 2404
2169 1642 3652 2013
709 2047 2479 3514
1978 864 2646 3748
2637 4570 409 297
736 1242 3617 4771
5434 2111 4075 2710
2062 5467 4717 1815
2558 3076 907 1947
3563 5031 644 285
1036 883 8311 2922
3703 2996 2105 3129
1314 2471 5590 2623
371 812 5144 1853
1667 1701 3496 4589
554 1304 3632 4969
393 426 5644 4561
642 1444 2024 4416
6027 2945 3045 1062
5242 2645 2432 5636
909 419 2262 4590
1259 775 4238 3144
2723 5340 2588 1745
3690 2452 3044 4761
911 555 4911 3894
2126 4167 1484 918
4034 2820 4124 2948
1022 1196 3883 5052
877 1509 3583 5793
241 709 4560 2018
1291 702 3885 2723
4785 4423 79 144
428 312 5797 5835
6557 2411 1019 2082
1713 4563 1485 2718
1708 787 2921 4673
3257 4440 2535 6108
1844 2857 3756 2116
1859 1761 1341 3956
2021 5328 2061 885
406 251 3307 8803
1723 4555 1389 1670
1703 1450 3909 5841
2066 3090 2440 6773
3397 2569 1227 1254
6377 3410 4751 3537
1132 1798 2567 3711
1468 1834 2025 4203
3997 5817 3191 5801
2168 1755 368 588
253 263 3008 4305
4166 1614 6429 2629
543 231 3652 6188
5560 2020 2234 828
1623 1439 4774 3300
5164 4201 1542 1676
3733 1560 1758 3256
2369 2159 1425 1299
667 827 6802 2424
1624 2756 359 1025
2152 907 3060 3841
5724 3726 1799 1116
5211 1921 798 407
5633 2036 3548 2067
723 622 7728 2710
2143 5149 932 348
3654 2246 1871 922
2493 1116 2565 6649
385 732 4779 1601
1047 1878 2241 3715
700 1238 4343 2357
4682 4300 2553 5972
3832 5293 4303 1861
1748 4894 4061 4078
2271 868 4037 5880
3622 1256 507 546
3539 2109 3536 2270
2233 1389 3588 2217
266 298 5989 6568
2479 1226 2828 3820
2000 2585 1451 1155
1692 1069 4036 1846
1305 2923 994 1483
326 595 4929 3808
1962 2231 4194 4913
291 847 5000 3447
4798 2882 3244 3378
2617 2631 1908 2832
5635 4124 3413 3563
2163 1723 5428 3738
558 625 8133 3964
3269 6329 4360 3307
1529 1053 5374 5102
2203 777 3159 7316
3258 1995 1223 2751
1388 542 4808 1776
296 101 5541 4483
5132 3636 3237 3317
3499 4163 1472 1157
2593 3775 2199 1839
2419 5475 2999 1464
5223 2571 3949 1799
4853 1709 4717 3898
2505 6970 3356 1291
4945 1893 395 179
2606 4885 931 1836
4240 4691 6802 2864
469 173 4048 5554
1686 2883 4242 2349
5393 3003 2017 4421
328 434 5399 3205
2315 5019 4632 4727
6898 2847 3684 1420
352 923 5394 4964
1342 2743 4726 4196
1059 2298 2718 7385
1701 1445 2902 2620
2343 2666 52 46
1854 4222 1471 3452
473 1053 5891 5393
3360 2371 562 792
499 735 3172 3927
936 505 3925 2128
1395 2600 3639 6010
4632 3937 336 670
5906 2513 1980 4051
2190 5778 1429 909
4065 1516 3620 3860
4183 5681 920 1147
6379 3226 1976 4346
865 1633 3054 4689
1519 689 4074 4657
1786 1407 1926 4613
3696 1769 1450 3604
1825 983 4971 5685
3535 1940 6527 2635
2973 5199 5383 1881
580 195 6334 4554
2559 6152 2228 900
1683 4153 669 224
4651 2457 1859 3287
6264 3004 976 768
5289 2598 1863 2604
2617 2765 2458 1294
3248 2833 3470 2062
1720 1762 2351 4106
3477 5675 566 581
1739 3058 1596 2241
2564 4783 2369 1098
3674 2217 1804 4706
3908 2937 103 204
2755 3495 6492 2430
6182 3438 2177 2284
4106 3559 4140 2555
4125 4833 4355 1926
2557 5675 3189 2274
2769 3992 603 1607
316 260 5867 4883
4844 4514 3616 4910
2795 3343 2206 2864
1184 2329 2260 3350
3515 4630 352 502
1121 1140 2622 4672
522 1217 5021 3367
1537 1966 2387 6124
3815 3212 4966 2576
563 270 6381 4638
5036 3814 1106 372
500 1213 3845 7362
1292 831 4334 6822
545 261 4089 4064
3514 4408 5334 2209
1317 1655 2437 5806
3185 3289 794 2244
3179 3275 5736 3288
2038 5177 1497 3679
306 756 2584 4359
1584 969 8058 2838
3173 1495 1615 744
1014 2471 3319 3891
4996 4707 2621 1143
270 621 5038 2812
547 875 7099 2986
2360 1459 2857 2421
1790 1212 4435 2526
1003 2444 4417 3318
3205 2997 4315 5134
6729 2782 404 810
2685 5598 367 420
2377 2163 3475 2848
377 831 3759 2664
3968 4081 1404 1141
1649 4773 4711 2309
269 119 3128 7570
865 2461 2347 4923
3318 3958 4953 2631
4703 3594 1457 3758
451 744 3770 7748
1423 4049 2536 2598
1418 2966 3971 3969
2607 4912 1181 2636
1918 967 1870 5307
710 670 6225 4922
3213 1661 95 206
1867 4750 4184 4236
353 339 2478 4282
2691 2684 798 675
995 876 5329 3895
1868 5450 3799 4308
2879 2548 336 195
2600 2795 1284 469
3558 2274 2585 4624
1878 1079 4341 4174
1270 1671 2619 2896
3344 3702 1981 1187
2228 4983 1774 5029
1834 1347 2274 3149
861 735 5365 3780
3473 3374 1566 1342
3830 5041 809 839
4847 2697 3420 1733
2608 3127 291 111
2655 1751 2966 1446
698 404 7865 3937
3048 3068 100 126
4798 2689 3865 3826
1154 2088 6172 2209
5549 2447 4457 4061
2399 5806 1198 2288
5980 2980 3768 2906
4937 1919 4213 2380
3979 1459 2224 6505
1775 3786 106 133
826 1346 1720 4861
880 951 6535 2521
1875 2229 3088 4674
3311 4642 5334 2763
628 1877 6423 3229
3372 3815 2002 770
1225 1374 2739 5765
2424 2207 1970 2717
3964 3851 7044 2524
617 698 4203 7268
3501 1789 1451 740
2451 4351 1517 738
1197 783 3806 3036
2563 1631 2830 1869
1014 464 5618 6424
3178 2335 2065 1398
341 515 4297 6138
3440 6196 337 291
1799 1567 5685 3872
3629 5695 4063 2734
3263 1416 297 683
1815 2317 1995 5835
1268 2080 2147 6331
2854 4766 6299 2964
558 870 2412 3838
842 404 2920 8562
3726 5152 3001 6049
1690 2631 3826 2981
2921 1974 2364 3211
1974 5912 535 179
3492 2084 2392 5108
5332 3494 1274 2186
1090 726 3794 6596
518 940 6714 2500
298 873 5370 5310
3461 1477 400 485
4220 2260 4623 1567
5711 2225 6183 2260
2627 1179 2117 3556
3042 4326 5025 1741
513 250 4084 5306
2437 4857 1769 635
3636 2048 1483 2968
5191 4427 2914 1608
2157 5910 4741 2424
1434 1863 6838 2803
1047 2236 4824 2236
2271 5126 1433 895
1308 1085 5053 4301
2435 1098 5805 2861
3383 2750 4 14
654 1019 5184 5815
1008 358 3243 2976
2332 1074 3435 4912
2095 6082 6451 2217
1514 1860 4300 3811
1236 3219 5316 3956
205 484 2393 5949
591 313 4882 4328
665 445 5506 2662
1394 4071 1675 1318
585 1640 5585 2109
1547 2002 3071 5587
3490 4872 97 149
2000 2008 2738 4818
1963 4745 4589 2074
948 2612 3888 2591
1420 2002 5366 4666
814 642 4528 5614
3116 5185 414 870
1532 538 3638 3113
5897 3445 2636 2887
3604 4587 877 1796
987 1870 4106 5912
2288 4058 452 646
2510 4287 2582 4646
5287 3718 5142 1913
4686 2354 1579 652
2314 6107 667 1197
2731 2752 1708 570
468 771 7695 4508
4229 3130 2697 4729
2085 859 6159 3646
2878 6637 2412 2028
3662 5149 2613 1130
2429 3192 570 1433
1772 881 6002 3715
1052 395 5675 4422
1634 3871 1828 4338
3411 5887 1705 2656
367 1088 3077 3867
5530 4242 2188 3094
4755 3170 3804 4536
931 1870 6898 2463
5479 3243 3202 5090
1112 745 4928 1660
1496 648 4158 2213
3796 5374 1776 1447
4442 5505 2770 6635
4258 2477 3090 4858
532 1323 3428 5597
3135 1968 3824 3819
2535 866 5730 4190
5277 2557 3773 4206
3434 2045 240 334
750 491 6550 3634
1124 1216 3373 6171
144 299 3508 4450
5784 2123 932 2468
2290 1828 2676 5622
493 692 5666 4884
579 1449 2422 3492
3507 4116 1574 3308
4372 5398 739 2148
3201 2473 48 43
2173 6227 4520 3593
1630 1285 4571 3790
3254 3011 2458 1459
623 984 1896 4350
604 613 4010 6162
4791 2516 1576 2272
165 496 4902 6365
784 1518 2440 3637
549 1264 2136 4119
2089 2794 100 57
1663 4769 1612 2626
2711 2781 2958 4045
5354 3239 1602 3196
1250 432 7042 4336
2225 6071 1679 2367
445 895 7802 2761
3209 5208 2769 6889
6026 3417 1381 2245
2684 3031 491 353
6581 2402 3253 2462
6474 2535 1849 2368
6038 2847 1094 1552
940 2212 4351 4697
4254 2885 5256 2062
1236 593 2792 6795
5130 2569 3877 2705
1669 2725 4953 3744
1576 1685 3106 4996
984 2813 1412 3842
1048 3056 934 1733
368 885 4963 3362
330 475 7048 3888
2909 2363 1521 2248
2519 5192 2364 2141
1254 1700 3914 6150
3045 2526 250 114
2621 5026 4308 3694
2104 1480 4891 2694
6576 2482 832 2269
4173 4378 736 353
1931 2970 3353 6193
583 1438 3796 5163
703 1460 4651 6050
5219 3759 228 633
1142 751 4737 1704
1216 3201 1746 2181
2376 888 2874 5969
413 778 5985 4296
4680 2543 558 1466
2016 907 1770 4351
1935 1945 578 548
1428 3445 2954 5636
6069 2497 4462 2922
6899 2946 2878 1422
2935 5286 5256 3981
996 1684 3960 3366
3214 1448 835 1191
2838 1436 2743 5500
2032 3804 2944 4440
6655 2790 3840 1997
4666 2877 331 315
2383 3543 813 1681
4772 5184 4909 2826
2068 3814 475 709
2782 5237 3762 4161
3189 5812 4334 3247
496 565 2702 5630
7336 2613 123 221
4173 2625 2943 1637
1370 2103 4314 5085
4181 1673 2534 2559
806 570 3095 7582
1086 458 4159 6811
6549 2401 4732 2325
565 403 2642 6649
975 381 3730 6427
1112 2064 1917 3694
4060 4421 756 1233
1117 2474 2973 6242
3234 5032 4806 3865
1650 625 4624 2878
1271 997 3327 6615
1948 915 3259 5563
561 955 1892 4493
3858 3164 3547 3416
2318 5627 122 213
4158 5008 1011 808
6140 3347 3617 2880
2313 3373 3141 6213
2561 4607 1232 749
1451 3090 576 893
1486 1354 2993 3503
2992 1077 298 285
4808 3524 2177 4070
3500 1258 4381 3200
4359 2311 3234 5652
600 1725 4103 2789
2450 1706 3025 3751
3348 3040 4002 5324
2554 4828 968 526
3444 1594 4218 3843
1167 3328 4197 5499
651 619 4435 3199
1099 3100 1505 678
511 1422 4078 5852
1793 2926 687 261
3730 4256 565 643
4297 1712 3742 2511
2082 1986 2536 7069
1919 1031 3086 4237
2574 4031 5953 2327
1137 2624 1880 3929
1366 3525 1285 587
6605 3147 3328 1859
1440 4046 218 345
903 1755 2892 2814
1832 611 3035 5851
4316 1606 3655 3727
4642 4903 4882 4465
659 423 3672 2716
2728 6531 826 2374
689 368 4551 5944
3648 1861 1650 2140
754 337 7463 3082
3794 3481 1324 1697
3007 4606 2545 5840
422 1155 3259 2870
2836 1699 371 270
3474 6165 2769 3897
4957 5011 1841 1850
2349 5059 2789 4216
376 318 4150 2944
3921 1888 5782 2276
3353 3711 747 1828
1692 1088 2240 4919
6591 2343 2818 1428
3267 4742 5356 2384
3466 5143 1026 553
2501 1711 3761 5582
3210 2395 1130 2662
214 383 4765 3076
3836 2899 1924 3502
4895 3185 1615 810
3820 2654 425 562
2793 3615 45 52
4608 3417 1019 2100
4295 2430 1515 2027
4768 3807 1067 1699
1756 734 2671 5369
420 509 3993 3288
281 230 3002 5507
1371 2070 4497 1959
979 1275 3888 3633
2239 1880 4222 3102
5755 2672 5573 2805
3764 4443 2343 1628
3041 6716 1285 3543
855 489 3353 7070
2244 3080 1479 3410
4499 1804 3366 1432
2233 4386 1686 4440
2264 3658 4936 2405
848 290 2483 4350
5169 1944 1087 3095
160 362 3526 5812
4961 3136 3222 1331
360 485 2679 6223
929 1448 5777 2357
6608 2339 1501 1318
3606 1211 1346 1224
2661 6045 477 752
206 206 3647 3482
984 2907 2855 2343
4608 4797 1837 865
2109 3965 4006 5595
5921 2395 3973 1636
958 1686 4083 3979
6411 2497 1927 1477
4284 4709 3698 5697
3901 1709 3889 1360
6010 3032 1274 1099
1678 3344 916 312
3302 6494 3823 2756
3602 2847 895 1785
4690 4783 2989 2617
819 2178 2598 6331
5178 2677 1617 1161
286 144 4688 4711
2278 927 2404 3067
1094 2304 3260 2468
667 1478 2214 4257
3047 1718 3001 6135
1938 964 3685 1999
1659 4528 3997 2228
1633 1926 3100 2422
5072 4847 13 6
1220 912 3587 5370
2353 1710 1499 3796
377 986 4200 3163
4021 2350 2145 3593
1807 5304 244 321
1073 1645 2391 6649
3202 2509 3057 3282
778 1056 4039 3740
3743 4974 664 1577
5065 3477 2717 1807
3891 1397 10 8
1325 536 1886 5185
515 1189 4821 2459
2439 3412 4677 1949
1053 401 6260 3287
2381 1004 3636 5735
4969 2774 2645 1111
1492 4073 2058 2905
1384 1033 3543 4057
680 809 4462 3048
2212 1309 5398 4187
3259 1404 2712 3605
4421 1549 1460 917
1750 2550 1574 3878
1944 1211 6043 4071
5037 4143 2184 2061
1014 807 8173 3497
249 260 2493 6653
1888 3674 3041 5477
4257 5549 1059 434
2946 4548 1135 2251
1044 448 3268 4898
756 1801 3287 5416
1601 3358 1816 4556
482 1095 2999 8657
2932 5168 3525 5929
1376 3046 5625 1957
226 300 7686 4693
4863 4804 149 384
968 1169 3819 2577
2912 2130 1990 2753
5113 1855 307 227
2271 1238 2448 4145
2922 2930 3976 2004
2024 6022 522 895
268 467 4835 5307
3375 4032 504 1135
2286 5604 256 185
1004 1513 5702 2545
1551 2542 4080 3648
3051 4437 1046 1844
1349 1343 4497 1557
215 580 7595 5085
2117 1940 2227 2953
1642 2631 655 317
1375 2077 4784 1974
740 1354 3713 3369
711 299 5968 2993
6330 2289 2753 1277
601 601 5947 1983
1959 5239 2697 6435
1188 3273 3946 1465
4802 5090 4059 1383
711 1322 3367 4676
1782 1943 2650 3040
2526 2704 2580 890
881 890 6600 3157
5534 2189 3589 5791
5198 3286 456 270
2658 1312 2527 4251
772 1282 4713 4427
1670 593 5934 2653
2493 4943 2896 6607
645 1061 3291 2772
1839 1671 2376 5555
918 996 5206 3847
5820 2443 415 315
2812 2106 1876 1596
3824 3935 2613 6304
3405 4340 4099 3179
2053 4846 1631 576
2034 1130 1585 3664
2280 3792 4110 5162
3998 5920 1590 2358
746 462 4834 5112
1910 1941 2765 1011
1127 1560 4865 4337
1484 4209 5816 3861
1259 2399 5346 3347
2743 1212 1428 3033
2808 3849 1959 2195
1792 2422 170 101
2306 2258 6832 2596
1932 697 5871 3366
1932 2801 2494 5124
1314 732 6157 2617
3855 1452 2576 3411
3369 2046 267 698
2870 1668 4790 1950
4433 2234 2255 4240
2943 4484 3191 2529
4205 4856 2826 3380
1983 765 2610 3621
4581 3312 2086 1465
2795 4350 2452 1252
1265 749 3003 6564
673 457 6133 4040
920 2653 5238 1989
628 473 3866 2776
3803 5883 3584 2118
3732 5338 1077 1409
1380 1368 3402 2202
275 170 2507 7260
1305 1401 4646 3398
5107 1886 565 585
2410 1073 1524 3819
3492 3549 2587 4696
366 541 5513 5812
5254 2193 4950 3669
910 1668 4453 2109
2864 1500 2527 1261
581 213 4919 4977
4620 4420 4414 2432
175 372 7956 4772
170 251 3669 3234
3301 1969 3322 2513
1163 1116 7600 3011
1899 3247 1150 443
2589 1338 1476 3991
1879 3477 2646 2596
7050 2824 1239 994
516 1072 4066 5207
2995 1091 3201 2568
753 1346 7228 2879
178 226 5610 3382
1761 1043 5208 2828
4091 1433 2567 1003
3257 3657 693 969
883 485 8416 2890
356 836 2877 7490
4531 2237 2523 963
1697 3261 4241 5223
1376 2006 2584 4350
210 284 4027 2617
2764 3656 2317 5658
3894 4504 131 315
4724 3438 4075 2501
431 188 2135 4414
2162 816 5651 3661
1717 4651 203 251
1519 1478 4269 4921
509 270 3494 7098
6797 2697 2304 2074
1002 1151 2939 5600
1260 528 5961 3141
3034 1511 1283 1040
1612 797 3879 4700
2259 5376 5236 4425
1227 2536 4634 2465
2043 3054 1032 961
6015 2310 3700 2429
1561 552 2455 6804
5151 2268 2343 5065
1698 2594 2584 2367
2315 3301 2491 4102
5358 4473 183 323
5159 2491 2128 2628
2549 3794 723 2067
269 208 6794 3799
2364 1586 3859 2706
2212 1495 5202 2584
2334 6589 1487 2885
1809 1760 4681 3835
816 1948 5605 4922
1834 4346 1679 2010
621 509 2696 3697
5093 2140 1901 1682
637 1021 2816 4280
6356 2175 1624 3983
2340 4092 4428 1889
236 231 5089 5646
4840 4049 1283 2421
2764 4996 2097 5088
1377 2883 683 681
1055 583 4346 3861
1903 3193 4461 4144
6044 2074 1913 5145
2673 6160 3653 2014
1668 619 3439 5484
334 735 6451 4253
4161 2428 1792 2287
4869 4830 1900 2196
2024 1856 4125 4660
1072 1983 3643 2021
1687 3359 1150 2487
3374 6521 934 1173
4171 4689 2766 3496
5816 2126 3104 3535
420 930 4108 2175
230 342 4545 8295
3776 2890 2116 2363
2558 2748 2072 2446
2250 5370 2350 1596
5192 3354 1784 5167
4023 2581 4566 3675
5332 3924 1977 3561
4403 5404 2096 3209
362 362 1967 4945
5004 2958 316 450
2772 1137 859 519
3801 5727 71 122
915 1554 5424 4415
578 646 4691 2932
1283 992 3122 4009
5447 2954 284 243
1128 781 2089 6064
1591 1272 1690 3762
5749 3359 1250 2378
3514 2796 1246 1341
5271 2822 732 1922
4231 4653 4143 4161
1805 1752 6481 3076
2358 2707 2389 2727
628 719 7907 3583
3020 6353 4580 2105
767 838 8368 2868
2436 3088 193 186
487 325 3621 4260
3967 5871 3714 1397
2107 2401 1676 4373
3095 3608 1809 3085
2338 2309 3411 1552
4642 4788 2714 1836
918 1492 2551 4868
3600 3490 5081 2439
2901 3379 456 328
5331 3839 1780 4852
3287 2313 1416 1413
1767 1442 3827 3564
618 1410 5253 3651
3160 1516 4518 1783
1487 1510 1730 3623
1311 2386 1834 5499
359 582 7394 2850
4892 5102 4617 2522
516 214 5223 2653
2216 2346 499 1076
1609 3351 406 618
2304 3631 64 142
4481 4387 3736 5109
343 610 3336 3349
6415 2719 1238 2607
1150 965 5195 2688
4127 5872 2455 2277
4092 3691 715 1670
2648 2873 1793 1356
448 564 3834 3849
6766 2643 168 158
5087 4055 466 901
4660 4532 1115 2157
2522 1428 728 1456
2778 2582 2013 2994
913 1370 6260 3611
235 377 8918 3404
783 307 6572 5796
1259 3627 711 2079
243 466 4104 6948
4897 1807 1083 1066
1417 1066 4723 2212
996 532 3587 6251
3356 5349 5613 3541
530 730 2625 5987
3860 4401 2560 4274
4638 2105 2171 3955
6074 3463 2457 1109
426 797 5270 3186
265 246 8211 3683
3113 2780 2315 5870
514 460 1868 5447
3528 3737 2243 4628
6563 2838 983 1889
4559 4780 380 133
4223 2534 5812 2113
1802 4973 2159 6408
2094 2263 6312 3297
5713 2897 1942 2148
1183 1316 3794 3922
349 843 2263 4996
2017 4896 3550 2893
1423 4034 633 965
3005 3817 3428 4119
949 481 2567 3486
2196 4776 2675 2048
4341 4225 2520 2144
502 1196 2006 5094
2717 5777 1795 1046
4598 3271 2693 6125
953 736 3410 7504
2604 4651 2780 4487
797 2337 2914 3704
831 909 4161 6012
2318 3159 6319 2955
1921 4454 1162 1860
3907 1647 1801 3478
1544 2891 1884 1577
1075 1111 5482 5503
568 729 3660 5184
3438 1342 5320 3336
3385 3627 140 395
2763 4116 1816 3604
2305 3060 3137 2595
718 1227 2610 4623
1442 555 5511 2497
3339 2241 408 421
737 478 4667 6532
1977 4059 2524 4721
2217 1393 2516 3529
1854 1182 3905 3226
386 167 4138 8820
4402 1848 3495 5167
4171 5109 208 327
2978 5910 2665 6278
1480 2392 4210 2666
3047 2697 275 270
1062 942 4198 1846
2774 2746 3619 1415
887 2027 6342 2501
1833 1142 3721 5991
1276 1349 5293 2969
1757 4634 4443 3177
2442 1351 2107 3723
1620 2324 1519 606
1219 3086 279 151
1484 2886 2939 1029
5442 4229 193 516
6060 2823 1193 633
477 678 5517 5771
3913 3845 4005 1334
773 386 2195 5216
1909 2232 2804 2022
3830 4598 3599 5794
606 485 3781 4109
1596 3603 1624 3974
1311 1762 4237 2288
6170 3498 2453 1372
1842 4220 2823 6869
1714 4781 5976 3523
3891 4528 3726 1983
794 2249 5245 2075
405 324 4492 3759
1877 774 3191 6970
603 1151 2458 3870
1690 3259 3272 5801
1388 3465 1476 1467
2010 3168 2537 4642
871 685 4172 5220
1721 971 2675 6701
4456 3883 1981 735
3171 3360 729 422
1353 693 3785 5708
4544 1830 2380 4470
1101 2538 1851 4874
2349 1645 417 261
473 773 3676 2960
3162 3290 3325 3848
1223 2009 4200 1452
4109 2262 1345 645
6051 2115 2998 3588
4413 4754 4812 2653
3723 3282 535 379
3865 2669 248 573
3164 4518 3485 3577
3372 4389 3644 3032
1352 1881 2332 5718
4210 5546 3900 5212
943 2089 3267 6067
1210 3608 3714 1322
3503 5288 2836 2439
1002 2713 2820 3159
304 338 4807 4049
2149 3286 2809 3139
2292 2614 1478 3595
2712 5244 348 209
5852 3397 374 416
643 574 5646 6078
2655 1022 2439 6732
2422 6695 3001 4767
4763 3427 2921 3239
1045 387 3863 6404
1602 903 3334 2647
482 1448 4041 6039
3448 2275 2090 2521
2536 1633 66 51
1818 4757 2671 2959
373 317 4276 7967
6321 2473 4176 3903
2099 2282 3545 3444
3893 2809 888 467
2961 2190 2873 3168
3591 2586 2051 2264
3582 6072 816 398
208 290 3988 3296
684 1192 4140 6318
4726 4522 4511 2307
391 1140 6377 2963
1225 660 4277 3521
2988 2490 2325 5630
1908 666 2439 5719
3352 5294 4884 4664
5147 4801 4118 1622
416 178 5074 5841
346 569 3747 2567
1147 2020 1674 4216
1176 694 2306 6899
1564 924 2286 6080
4666 2353 3116 2007
1004 1757 5350 4855
2509 2146 624 242
2788 4426 19 6
286 256 4356 6565
688 765 5547 4038
3485 4853 1324 1074
2829 3030 4163 3380
1751 4249 1415 471
2165 2549 3063 3504
3069 4063 2863 3812
2921 6028 5294 3463
254 540 4826 2407
5049 4646 1748 1609
250 384 3685 2819
6543 3338 627 1043
2969 1211 6065 2801
6085 3004 2120 1736
1985 725 4357 5468
1283 798 2874 3389
3925 3172 3142 3131
3847 4474 2669 6007
3025 6007 1086 946
621 893 3505 3472
1346 1145 6127 2432
2757 4909 2773 6396
362 163 4752 8233
1521 4413 1345 467
4380 4728 2162 1268
3208 1949 1157 767
1712 2028 3448 4361
1810 2080 3843 2067
2456 5886 610 224
3699 3954 2146 2054
225 306 3618 5753
1581 2743 971 1063
2360 3596 1767 2750
3893 3522 2060 5366
5820 2029 666 281
260 441 6438 3058
6752 2315 2470 6014
2900 1858 1594 664
1276 2360 5545 4165
946 813 6341 4114
3237 1850 658 517
3066 4041 878 1084
3291 4618 3087 4946
3165 4339 2994 4166
4330 3177 1255 1921
1982 5471 3929 2189
4787 5139 2690 6138
4755 3240 119 171
2419 2834 1115 1447
4529 3767 2145 4238
4219 2864 163 416
2754 2740 3097 6353
1986 5868 49 24
2416 6599 3998 4010
147 418 4067 7435
5258 2759 2359 3965
496 272 4481 2036
3879 2625 29 54
1843 4306 2051 3595
3728 4252 4724 4973
3405 4420 3595 5433
777 572 6148 5689
2388 3458 3621 3526
1711 620 1899 4969
727 456 4682 5984
2427 6497 1248 1880
900 603 3047 3105
2946 1204 2723 1378
984 366 5692 3398
1794 3133 1405 2342
856 1853 3517 5890
2021 747 5270 4748
1498 1254 4189 6466
930 512 2110 4352
1343 2070 4892 4330
3197 4708 5265 4135
1754 1519 5382 4232
496 679 2933 3250
2234 3793 1572 4571
1987 3305 855 1369
3958 3121 4797 3995
4437 3417 1079 1943
123 292 6269 5239
3718 4624 616 317
383 796 3489 4488
2894 4657 3052 2801
1408 1403 2835 7294
2638 6309 2556 2938
264 290 5062 7516
4761 3954 3362 1255
504 224 7784 4219
2587 7392 1237 1711
2968 1500 946 2583
5554 4285 3733 3724
4387 4418 6435 3089
807 452 4895 4891
6251 3586 1525 3313
2485 1582 1034 1316
4883 4773 1652 678
548 384 6300 3058
1963 4118 551 892
857 789 5520 2410
591 410 3346 3534
876 1268 2579 4326
687 368 4193 4150
3708 3782 2457 4159
3417 3975 2392 5563
1090 580 4101 3515
5689 4063 951 617
822 791 2253 4833
3256 1989 5011 1859
2494 2529 2867 4422
960 2688 3364 1944
271 674 3661 3051
3636 2005 1972 2219
1120 2288 4139 5601
3171 1775 4589 3150
4165 5484 920 479
3498 2549 1994 5607
2296 1604 1886 4133
3331 1998 921 1982
1370 1223 4524 4478
3457 3002 1305 607
1633 1634 5011 3374
2529 4291 126 241
5040 3669 853 1430
1542 1009 2406 5927
2827 1685 455 1061
3744 4518 1575 1545
1532 1602 2220 3737
2396 3839 6326 2806
5628 2713 5740 2734
863 1987 2312 5141
1727 4078 573 1299
836 2217 3319 5796
1816 2895 2477 5474
3183 6732 4720 4268
3265 4970 650 811
2325 1687 1720 1119
4162 4287 2473 2453
636 356 3199 6822
2388 4086 2633 5256
1344 2331 3472 3838
2549 1736 1308 1517
5042 2920 2148 4057
1122 2152 5897 2323
4259 1795 3054 4682
4947 3277 2320 1057
1845 3134 5417 3517
1259 732 3133 6809
3468 5228 2574 4820
535 313 3530 6071
1755 1180 3319 4379
3050 2139 1835 2479
212 198 4649 4053
2380 1756 1685 1202
3070 6369 5064 3576
2517 4879 625 1488
870 1827 3697 4376
3753 3109 2294 6630
3559 1319 980 1392
1113 815 7251 2838
374 139 5448 3565
4033 3441 6706 2294
283 148 2362 6524
3862 5433 1107 2166
2496 3184 6712 2477
1335 1289 5820 3333
1059 681 6153 3423
1508 4148 1798 5322
3074 4047 225 376
492 822 7761 3534
2199 3004 4376 2945
1663 1810 2810 2973
859 759 2975 5611
634 486 3345 3337
2256 1426 6019 2532
1933 4822 2714 2904
6360 3350 2631 5195
1196 2987 1809 4679
1913 5039 3881 5542
5658 3588 5818 3076
2794 3109 1946 3093
840 1176 3081 7549
3765 1711 1056 538
4281 3524 4079 2549
4457 5258 4075 4093
839 469 3296 8810
5159 4634 5576 2061
1091 2852 618 1286
2465 3718 3207 2892
1730 3110 1067 1322
499 319 7877 3609
6201 2367 322 200
3295 2763 3541 4581
4189 2388 2873 4334
3821 1516 1361 1767
1609 639 4492 2832
2609 2730 3458 3713
4070 2426 2843 1268
1179 1207 2006 5468
2046 1081 2758 2949
4268 1890 1836 3064
3295 4549 1602 1641
2813 1793 5102 3760
5112 3817 822 516
3015 4974 851 572
1776 2835 1741 1762
3406 3505 5151 2831
698 889 5387 1868
4061 2907 2740 3839
2439 4187 3885 2827
4089 3599 3518 2138
3612 1417 3607 1737
1575 777 4719 4617
345 724 6661 2817
2598 2459 2457 2590
3721 1762 4807 3553
1462 1253 3528 5580
2318 3330 2151 1591
1285 3052 3625 1684
4300 1820 2960 3946
2555 2733 3727 2395
2383 6007 1559 1592
452 151 3378 5892
230 209 7709 3451
1529 3306 2471 4004
2756 2103 285 340
3203 5862 5138 2818
4775 4208 1199 3067
4423 2887 2354 1632
4273 3406 2423 1446
3002 1924 1754 1275
2301 2375 1954 2180
1712 2297 2567 5250
739 973 5552 3018
5719 2205 34 104
1597 1780 3468 5895
4403 4192 371 543
2470 6702 1437 3844
314 389 1900 5134
4099 5599 2780 2926
1860 4439 3491 1862
743 388 4682 5498
2442 1362 2972 4037
3768 2191 2408 4382
3570 2632 5409 2469
848 2486 1623 4207
7045 2831 1453 4252
3156 1500 2247 3227
213 622 8795 3517
3512 5099 1801 3716
2460 4455 1410 1790
1069 1175 2237 4530
1780 1938 6510 2484
3318 4222 2799 3820
1643 1269 3519 7052
2088 2413 1834 1666
731 1305 4100 3921
6352 2122 5086 2561
1171 724 3714 4559
2764 5940 1922 4190
2112 764 5961 3940
3914 2612 1543 2798
1221 2494 5844 2776
4157 1713 1244 1873
1040 2954 353 887
1426 3481 2709 3816
2384 1541 5576 2448
459 662 3068 3442
645 1369 7825 3217
6762 2340 4372 2046
2650 4778 3865 5811
1944 2767 5182 1848
3521 1838 2200 1990
4281 2596 2235 5218
4686 2424 3105 2184
2549 964 3001 2794
4705 1700 2582 1462
4123 2763 2538 4015
1853 921 3183 3632
3419 2426 994 775
3377 2280 1894 4962
5769 2740 1927 2189
1777 1454 3530 2427
1820 1877 3676 1400
1654 1976 2718 3018
2984 2852 149 188
3360 2879 2699 3853
1725 1460 5414 3341
2128 1607 4641 2821
6413 3105 847 2413
2652 3733 2943 3911
6221 2703 595 1276
578 1569 2898 4625
335 228 3068 4078
3027 2246 2603 1036
4390 5419 901 1494
3072 5824 3900 4992
2236 2249 3519 4393
2249 1851 2016 2792
2930 6185 2400 2142
1494 2225 3824 5529
5583 2888 2715 6047
1558 1988 4931 2347
3911 2554 6560 2662
2601 1091 5337 4104
6568 2760 1129 1294
5001 3295 2272 5108
3100 3181 1982 1387
3009 3724 4067 1812
975 1210 3148 3619
1216 859 5491 3762
3075 5476 4865 1986
275 307 6195 2547
3173 5808 1157 804
2227 2291 1051 1530
4178 2687 1349 3343
1466 742 2221 3580
1054 1747 4144 3449
1905 2924 2434 1586
3301 5932 6188 2209
858 2496 2985 2118
995 1351 2915 4931
928 780 4487 5663
5291 4261 3951 3554
5646 2521 5147 2575
1933 5285 4318 3876
1301 899 4807 3558
197 462 6931 4809
2428 1211 4832 4899
3706 3920 2958 6645
5238 4257 5430 2050
1030 1741 6953 3182
2354 1518 3116 3576
4690 2428 4613 2121
4322 5479 3586 5847
3239 6726 2019 5395
2496 1028 6615 2852
953 348 2265 6093
3042 2397 3399 1175
271 676 7565 4787
3605 4594 4127 3246
1980 2261 6083 3056
1179 2937 1761 2748
2017 5361 1548 2569
921 1423 6424 2542
1696 1364 3483 3345
3810 4663 2020 2229
3080 1397 2715 5727
2656 1564 588 945
1296 1128 6846 2615
2101 798 3541 4373
2406 4531 3168 5220
2379 3471 2719 2761
3795 3153 6052 3439
4773 2085 5628 2825
1037 1097 2372 6631
4259 2213 2144 3053
3937 2459 5213 4189
506 1128 5617 3187
1406 697 5659 4654
2564 2415 2 6
3808 2419 1216 989
2000 4242 1091 2032
541 465 3254 7164
1403 1914 2832 3187
1346 1490 5533 2373
1874 4359 1510 872
3687 5679 1992 1134
1051 2883 1651 866
3140 1315 582 813
1503 1303 4785 5083
1130 2485 4934 2602
481 786 7321 2563
5972 2882 2172 1700
5443 2805 5910 2131
666 462 3945 2897
4605 4454 595 1173
4530 3292 2756 3447
1284 2276 1837 4091
953 493 4354 6745
520 336 2386 5214
606 1425 5993 3290
2330 4707 442 1001
378 696 2995 3584
2459 5401 941 759
1383 1569 3031 2381
2241 2164 496 815
614 1142 5783 2454
3191 2717 3559 2780
4364 3770 1620 3580
4425 3119 1849 2134
5166 1838 1141 667
727 1050 2640 7132
2240 3203 3888 4332
1252 663 4209 4687
3774 1289 1973 1866
188 335 7681 4183
3202 3918 3775 4899
856 2040 3368 4654
3078 3659 3914 2610
3930 4845 4183 4981
1452 2527 3553 2305
4516 2265 2952 4093
4120 2736 673 1395
2483 1820 3587 3522
4885 2923 77 72
3427 2278 1842 2670
185 300 2932 8192
667 242 3639 2994
3511 2338 5526 2626
3488 4175 535 810
461 394 2333 5084
3277 2035 1008 945
5582 3847 4896 2658
4873 3215 1078 637
4299 3476 586 256
367 204 7207 3914
1079 534 1559 4551
5875 2706 1386 1844
1819 893 5659 3979
2233 2303 4767 4771
5311 2079 1096 2021
6297 2649 1481 1273
785 1910 3366 7360
7171 2607 1208 2743
824 1434 2185 6266
1525 625 3461 2588
1874 1436 2917 2385
4357 5252 4330 4367
1264 1159 5608 2213
3716 5786 2486 3516
2364 1709 1629 2976
4751 5135 1660 1302
1229 1245 3403 6952
2840 1495 3082 5324
1291 946 4961 4043
820 1030 3213 6634
1961 795 5078 3674
1024 887 6099 4544
1350 2695 3888 1819
1345 3718 1727 1868
366 130 4831 5548
2992 2168 2967 5563
4204 3980 4659 3461
5358 1819 5444 2438
4559 5161 1639 1201
1877 3917 3397 4999
2320 6498 582 694
1413 2273 1412 4002
1830 688 5107 1730
487 816 2834 7134
2638 3799 444 985
6609 2325 1483 4052
4037 5485 78 31
2056 1184 2759 5929
1008 487 1926 5781
6508 2603 1223 739
1291 2531 3286 3460
5329 4182 3711 4587
5102 3407 1203 520
1192 677 4252 3565
6746 2725 2498 1917
1004 1615 5342 2303
2739 1526 1123 1441
3998 5693 5027 4260
2094 5156 3018 1167
487 839 3979 3144
654 881 3350 4116
1563 789 3123 6941
6216 2407 2541 3137
5039 1789 4221 2725
1077 1225 4489 5222
178 457 1789 5192
3196 3860 2584 2528
5695 2230 3594 4794
3171 6771 2000 1150
2890 6011 862 1106
734 700 4772 2088
557 511 4007 3833
2866 3484 365 1038
5481 2582 1899 3666
1412 2343 3842 3325
1073 361 7140 4688
1198 698 3098 4608
1992 2856 502 1150
3216 2512 2711 1355
3754 3468 909 304
5307 3290 2813 1057
864 597 3064 7329
430 418 5236 3984
1641 1870 2032 5122
2054 4255 2493 5087
2538 5890 2688 5779
2301 4061 2511 1186
3540 2457 2190 3993
2382 2756 3852 1877
3232 1999 4869 4132
2752 3274 4435 3266
1788 2881 4896 1786
2703 1033 3125 2309
2765 1805 3309 4695
1641 1416 3820 4586
846 834 2551 4922
7106 2573 5360 2101
